ID,Gene,BaseGeneMean,OutlierFactor,GeneMean,DEFacGroup1,DEFacGroup2,DEFacGroup3,DEFacGroup4,DEFacGroup5,DEFacGroup6,DEFacGroup7,DEFacGroup8,DEFacGroup9,DEFacGroup10
Gene1,Gene1,7.75193683252936,1,7.75193683252936,1,1,1,1.57042373219096,1,1,1,1,1,1
Gene2,Gene2,0.98186543455719,1,0.98186543455719,1,1,1,1,1,1,1.24415408947583,1,1,1
Gene3,Gene3,1.38698025444068,1,1.38698025444068,1,1,1,1,1,1,1,1,1,1
Gene4,Gene4,1.05649919126863,50.6185976558125,52.7245941529008,1,1,0.00309762443645547,2.01651513117368,1,1,1,1,1,1
Gene5,Gene5,1.3115017576833,1,1.3115017576833,1,1,1,1,1,1.83438652896554,1,1,1,1
Gene6,Gene6,0.627964558922728,1,0.627964558922728,1,1,4.80872178443279e-06,1,1,0.962413390408244,1,1,1,1
Gene7,Gene7,2.92417282292997,1,2.92417282292997,1,1,1,1,1,1,1,1,1,1
Gene8,Gene8,0.272208160860288,1,0.272208160860288,1,1,1,1,0.557825244415798,1,1,1,1,1
Gene9,Gene9,0.612005837258392,1,0.612005837258392,1,1.29742929203585,1,1,1,1,1,1,1,1
Gene10,Gene10,1.06547544715421,1,1.06547544715421,7.54247994558751,1,1,1,1,1.40173393878916,1,3.36574481435602,1,1
Gene11,Gene11,0.168897325358526,1,0.168897325358526,1,1,1,1,1,1,1,1,1,1
Gene12,Gene12,0.302580685916371,78.9696135844781,82.2551595554702,1,1,1,1,0.837174566470742,1,1,1,1,1
Gene13,Gene13,4.11117334034835,1,4.11117334034835,1,1,1,1,1,1,1,1,1,1
Gene14,Gene14,4.80340696632969,1,4.80340696632969,1,1,1.25423434266051,1,1,0.871415204522386,1,1,1,1
Gene15,Gene15,0.137378124255498,1,0.137378124255498,1,1,1,1,0.900782277162716,1,1,1,1,1
Gene16,Gene16,0.0832737197972746,1,0.0832737197972746,1,1,1,1,1,1,1,1,1,1
Gene17,Gene17,0.108634196925834,1,0.108634196925834,1,1,1,1,1,1,1,0.743891574198627,0.236526792834376,1
Gene18,Gene18,2.41766792206434,1,2.41766792206434,1,1,1,1,1,1,1,1,1,1
Gene19,Gene19,0.775201609160164,1,0.775201609160164,1.13390311359421,1,1,1,1,0.682570162087192,1,1,1,1
Gene20,Gene20,0.148187191689905,1,0.148187191689905,1,1,1,1,1,1,1,1,1,1
Gene21,Gene21,4.28245579416135,1,4.28245579416135,1,1,1,1,1,1,1,1,1,1
Gene22,Gene22,5.35675269214712,1,5.35675269214712,1,1,1,1,1,1,1,1,1,1
Gene23,Gene23,0.570107696938744,64.0459634387657,66.7106080733686,3.01296249687533,1,1.03137742649233,1,1,1,1,1.05032796723713,1,1
Gene24,Gene24,1.45458799819183,1,1.45458799819183,1,1,1,1,1,1,1,1,1,1
Gene25,Gene25,0.0176341493338592,1,0.0176341493338592,1,1,1.08038626515889,1,1.51638992636775,1,1,1,1,1
Gene26,Gene26,0.677839707762802,1,0.677839707762802,1,0.90505133664003,1,1.78740392721931,1,1,1,0.304303021273798,1,1
Gene27,Gene27,0.264699237770401,1,0.264699237770401,1,1,1,1,1,1,1,0.961373783243114,1,1
Gene28,Gene28,6.72149871576285,1,6.72149871576285,1,0.29483770066442,0.563788106210828,1,1,1,1,1,1,1
Gene29,Gene29,6.11920813730079,1,6.11920813730079,1,1,1,1,1,1,1.18815918420352,1,0.583823127987261,1
Gene30,Gene30,3.92560137522361,1,3.92560137522361,1,1,1,1,1,1,1,1,1,0.0348223677287201
Gene31,Gene31,4.0489272501436,1,4.0489272501436,1,1,48.3292730755249,1,1,1,1,1,1,1
Gene32,Gene32,6.32723508502787,1,6.32723508502787,1,1,1,0.682194700581788,1,1,0.603446899816722,1,1,1
Gene33,Gene33,0.702939506535292,1,0.702939506535292,1,1,1,1,1,3.14689275581594e-15,1,0.0879178699922595,1,1
Gene34,Gene34,0.946517941115232,1,0.946517941115232,1,1,1,1,0.981434259628579,0.767111635583754,1,1,1,1
Gene35,Gene35,0.0455914615987043,1,0.0455914615987043,0.059839541060532,1,1,1,1.06109870418763,1,1,1,1,1
Gene36,Gene36,1.10663010907625,1,1.10663010907625,1,1,1,1,1,1,1,1,1,1
Gene37,Gene37,0.403067493325083,1,0.403067493325083,1,1,1.4815957461059,1,0.726991135846699,1,1,1,1,1.14550264297402
Gene38,Gene38,0.00354103256877077,1,0.00354103256877077,1,1,1,1,1,1,1.22221451487688,1,1,1
Gene39,Gene39,3.39951825792952,1,3.39951825792952,1,1,0.86190176168173,1.39699566502917,1,1,1,1,1,1
Gene40,Gene40,3.56816917297909,1,3.56816917297909,1,1,1,1,1,1,1,1,1,1
Gene41,Gene41,0.00163257950688606,1,0.00163257950688606,1,0.656945652302697,1,1,1,1,1,1,1,1
Gene42,Gene42,0.713547155031484,92.6222181740977,96.4757833865033,1,1,1,1,1,1,1,1,1,1
Gene43,Gene43,10.0796318982409,1,10.0796318982409,1.61525539588606,1,1,0.515362470223381,1,1,1,1,1,1
Gene44,Gene44,0.15856373551408,1,0.15856373551408,1,1,1,1,1,1,1,1,1,1
Gene45,Gene45,0.40911647113928,1,0.40911647113928,1,1,1,1,1,1,0.623711640216064,1,1,1
Gene46,Gene46,1.52545736366911,1,1.52545736366911,1,1,1,1,1.05224371396777,1,1,1,1,1
Gene47,Gene47,0.1601049426741,1,0.1601049426741,1,1,1,1,1,1,1,1,1,1
Gene48,Gene48,1.07677385219277,1,1.07677385219277,1,1,1,1,1,1,1,1,1,1
Gene49,Gene49,7.30347783833376,1,7.30347783833376,1,1,1,1,1,1,1,1,1,2.18612753146085
Gene50,Gene50,1.03028119545794,1,1.03028119545794,1,1,1,1,1,1,1,1,1,1
Gene51,Gene51,0.164877716643966,1,0.164877716643966,1,1,0.80483588690995,1,1,1,1,1,0.242389179278161,1
Gene52,Gene52,0.240999245087797,1,0.240999245087797,1,1,1.37821733856555,1,0.27188131183549,1,1,1,1,1
Gene53,Gene53,0.00751587544111913,1,0.00751587544111913,1,1,1,1,1,1,1,1,1,1
Gene54,Gene54,0.69644514172522,1,0.69644514172522,1.57507287351365,1,1,1,1,0.184670626900305,1,1,1.00656413051899,1
Gene55,Gene55,0.522407014516364,1,0.522407014516364,1,1.42337153371689,1,1,1,1,1,1,1,1
Gene56,Gene56,1.12325437266257,1,1.12325437266257,1,1,1,1,1,1,1,1,1,1.06648091986049
Gene57,Gene57,3.38444914859466,1,3.38444914859466,1,1,1,1,1,1,1,1,1.20824693714244,0.146121459087354
Gene58,Gene58,0.0800175463110476,1,0.0800175463110476,1,1,1,1,20.4732669022312,1,1,1,0.995678676209083,1
Gene59,Gene59,2.06544528186486,1,2.06544528186486,1,1,0.459136572997402,1,1,1,1,1,2.26988705105728,1
Gene60,Gene60,0.301905667618112,87.1615193846854,90.7878911730385,1,1,1,1,1,1,1,1,1,1
Gene61,Gene61,2.91453472395522,1,2.91453472395522,1,1,1,1,1,1,1,1,1,1
Gene62,Gene62,22.209143480056,1,22.209143480056,1,1,1,0.300732934315429,1,1,1,1,1,1
Gene63,Gene63,1.09876734324942,1,1.09876734324942,1,1,1,1,1,0.734365679249211,1,1,1,1
Gene64,Gene64,4.56994557673955,1,4.56994557673955,1,1,1,1,1,1,1,1,1,1
Gene65,Gene65,0.80084610123453,1,0.80084610123453,1,1,1,1,1,1,1,1,1,1
Gene66,Gene66,0.0681587722638933,1,0.0681587722638933,1,1,1,1,1,0.574700537233158,0.411601014580448,1,1,1
Gene67,Gene67,0.101035279678447,1,0.101035279678447,1,0.65555725967509,1,1,1,1,1,1,1,1
Gene68,Gene68,0.86106097733079,1,0.86106097733079,1,1,1,4.70538375055585,0.677582742524412,1,1,1,1,1
Gene69,Gene69,0.145076507668093,1,0.145076507668093,1,1,1,1,1,1,1,1,1,1.12651840159669
Gene70,Gene70,1.02060114917013,1,1.02060114917013,1,1,1,1,1,0.98295662024445,1,1,1,1
Gene71,Gene71,1.94866468460801,1,1.94866468460801,1,1,1,1,1,1,1,1,1,1
Gene72,Gene72,5.11795898586149,1,5.11795898586149,1,1,1,1,1,1,1,1,1,1
Gene73,Gene73,1.05742109664469,1,1.05742109664469,0.390988562586821,1,1,1,1,1,1,1,1,1
Gene74,Gene74,1.95823313892592,1,1.95823313892592,1,1,1,1,1,1,1,1,1,1
Gene75,Gene75,0.00112771922014363,1,0.00112771922014363,9.78448790592725,1,1,1,1,0.554881298108618,1,1,1,1
Gene76,Gene76,0.0157843842625026,1,0.0157843842625026,1,1,1,1,1,1,1,1,1,1
Gene77,Gene77,1.71581467149747,1,1.71581467149747,1,1,1,1,1,1,1,1,1,1
Gene78,Gene78,0.418024904937011,1,0.418024904937011,1,1,1,1,1,1,1,1,2.37518131798709,1
Gene79,Gene79,1.32021924309909,1,1.32021924309909,1,1,1,1,1,5.20170084001648,1,1,1,1
Gene80,Gene80,0.033150914367806,1,0.033150914367806,1,1,1,1,1,1,1.41476710206245,1,1,1
Gene81,Gene81,0.253544362533951,1,0.253544362533951,1,1,1.42408715872385,1,1,1,1,1.09464264764811,1,1
Gene82,Gene82,0.0242361894679206,1,0.0242361894679206,1,1,1,1,1,1,1,1,1,0.585697131480647
Gene83,Gene83,6.11101934807146,100.859630303232,105.055914632572,1,1,1,1,1,1,1,1,1,2.91193572346791
Gene84,Gene84,0.769497426598925,1,0.769497426598925,1,1,1.32580690328314,2.86086705521732,1,1,1,1,1,1
Gene85,Gene85,3.04690599541645,1,3.04690599541645,0.703630031561302,1,1,1,1,1,2.51626070133915,1.12934306003501,1,1
Gene86,Gene86,0.373122094135807,1,0.373122094135807,1,1,1,1,1,1,1,1,1,1
Gene87,Gene87,0.208308110291881,1,0.208308110291881,1,1,1,1,1,1,1,1,0.384053186498427,1.56669062999603
Gene88,Gene88,1.77206468646122,1,1.77206468646122,1,1,1,1,0.685243870988516,1,1,1,1,1
Gene89,Gene89,8.44099341217158,1,8.44099341217158,1,1,1,1,1,1,1,1,1,1
Gene90,Gene90,0.535866602301271,1,0.535866602301271,1,1,1,1,1,1,1,1,1,1
Gene91,Gene91,8.13857098861128,1,8.13857098861128,1,1,1,1,1,1,1,1,1,1
Gene92,Gene92,2.45881003345218,1,2.45881003345218,1,1,1,0.121076016342392,1,1,1,1,1,1
Gene93,Gene93,2.02144357307265,1,2.02144357307265,1,1,1,1,1,1,1,1,1,1
Gene94,Gene94,0.0155008187512435,1,0.0155008187512435,1,1,1,1,1,1,1,1,1,1
Gene95,Gene95,0.349491744047875,1,0.349491744047875,1,1,1,1,1,1,1,1,1,1
Gene96,Gene96,0.300572737330314,1,0.300572737330314,1,1,1,1,1,1,1.51622144473194,1,1,1.27867906442853
Gene97,Gene97,6.86161555093671,1,6.86161555093671,1,1,1,1,1,1,1,1,1,1
Gene98,Gene98,2.97030107865924,1,2.97030107865924,1,1,1,7.86689552902542,0.790174965948761,1,1,1,1,1
Gene99,Gene99,0.000957768296958965,1,0.000957768296958965,1,1,1,1,1,1,1,1,1,1
Gene100,Gene100,0.197604996364337,1,0.197604996364337,1,1,1,1,1,1,1,1,1,1
Gene101,Gene101,6.11614842182419,1,6.11614842182419,1,0.569125700024148,1,1,1,1,1,1,1,1
Gene102,Gene102,3.00908453873437,1,3.00908453873437,1,1,1,1,1,1,1,0.690262935507076,1,1
Gene103,Gene103,0.678274770287072,1,0.678274770287072,1,1.01185219193003,1,1,1,1,1,1,1,1
Gene104,Gene104,0.693356311552039,1,0.693356311552039,1,1,1,1,1,1,1,1,1,1
Gene105,Gene105,0.147241277439006,1,0.147241277439006,1,1,1,1,1,1,1,1,1,1
Gene106,Gene106,11.6679846807326,1,11.6679846807326,1.18159294105588,1,1,1,1,1,1,1,1,1
Gene107,Gene107,0.69553287541129,1,0.69553287541129,1,1,1,1,1,1,1.22627095642657,1,0.294267217748066,1
Gene108,Gene108,0.0715612216524465,1,0.0715612216524465,1,1,1,1,1,1,1,1,1,1
Gene109,Gene109,1.15029473921052,1,1.15029473921052,1,1,1,1,1,1,0.415620377402682,1,1,1
Gene110,Gene110,2.3525785656199,1,2.3525785656199,1,1,1,4.34781436343893,1,1,1,1,2.37644336202528,1
Gene111,Gene111,0.103836001325193,1,0.103836001325193,1.42998211519094,1,1,1,1,1,1,1,1,1
Gene112,Gene112,0.0167997898015033,1,0.0167997898015033,1.69274239779074,1,1,1,1,1,1,1.81236363349682,1,1
Gene113,Gene113,0.0340501356415153,1,0.0340501356415153,1,0.460856234200753,1,1,0.848134335928204,1,1,1,1,1
Gene114,Gene114,2.69631864483772,1,2.69631864483772,1,1,1,1,1,1,1,1,1,1
Gene115,Gene115,10.6410154302531,1,10.6410154302531,1,1,1,1,1,1,1,1,1,1.31534061788448
Gene116,Gene116,1.65052108195935,1,1.65052108195935,1,1,1,1,1,1,1,1,1,1
Gene117,Gene117,0.150576473611396,1,0.150576473611396,1,1,1,1,0.25202511656027,0.0681257933647132,1,1,1.16881271850693,1
Gene118,Gene118,13.818331205236,1,13.818331205236,1,1,1,1,1,1,1,1,1,0.744918003387686
Gene119,Gene119,1.43072333869648,1,1.43072333869648,1,1,1,1,1,2.45264403064776,1,1,1,1
Gene120,Gene120,0.91765489471741,1,0.91765489471741,1,1,1,1,1,1,1.00094578076626,1,1,1
Gene121,Gene121,0.478518667482884,1,0.478518667482884,1,1,1,1,1,1,1,1,1,0.154000921661922
Gene122,Gene122,0.152755024417091,1,0.152755024417091,1,1,1,0.937842218078104,1,1,1,1,1,1
Gene123,Gene123,0.75484171142759,1,0.75484171142759,1,1,1.22352506612922,1,1,1,1,1,1,1
Gene124,Gene124,1.98303420988066,1,1.98303420988066,1,1,1,1,2.11360353702744,1,1,1,1,1
Gene125,Gene125,0.435504446653359,1,0.435504446653359,1,1,1,1,1,1,1.23822674859628,1,1,1
Gene126,Gene126,1.90752532240464,1,1.90752532240464,1,1,1,1,1,1,1,1,1,1
Gene127,Gene127,0.0207603484095417,1,0.0207603484095417,0.836847912229234,1,2.02941708584171,1,1,1,1,1,1,1
Gene128,Gene128,10.0523288154008,1,10.0523288154008,1,1,1,1,1,1,1,1,1,1
Gene129,Gene129,0.0737458305464622,1,0.0737458305464622,1,1,1,1,0.63429517253522,1,1,1,1,1
Gene130,Gene130,0.186744889037645,1,0.186744889037645,1,1,1,1,1,1,1,0.220454337382665,1,1
Gene131,Gene131,0.226303103235583,1,0.226303103235583,1,1,1.14383538288452,1,1,1,1,1,1,1
Gene132,Gene132,0.993176607846789,1,0.993176607846789,1,1,1,1,1,1,1,1,1,1
Gene133,Gene133,2.91075972309916,1,2.91075972309916,1,1,1,1,1,1,1,1,1,1
Gene134,Gene134,0.208646817165731,1,0.208646817165731,1,1,1,1,1,1,1,1,1,1
Gene135,Gene135,0.1282920541914,1,0.1282920541914,1,1,1,1,1,1,1,1,1,1
Gene136,Gene136,0.152619565085126,1,0.152619565085126,1,1,1,1,1,1,1,1,1,1
Gene137,Gene137,0.378650922144915,1,0.378650922144915,1,1,0.0878604091427024,0.765632005631514,1,1,1,1,1,1
Gene138,Gene138,2.87906732519417,1,2.87906732519417,1,1,1,1,1,1,1,1,1,1
Gene139,Gene139,2.13493690460475,1,2.13493690460475,1,1,1,1,1,1,1,1,0.839517554262931,1
Gene140,Gene140,1.34777435062323,1,1.34777435062323,1,1,1,1,1,1,1,2.95037742642058,1,1
Gene141,Gene141,10.9718967041275,1,10.9718967041275,3.08099880460917,1,1,1,2.9924814598524,1,1,1,1,1
Gene142,Gene142,6.72294888959357,1,6.72294888959357,1,1,1,1,1,1,1,1,1,1
Gene143,Gene143,1.00416208602499,1,1.00416208602499,1,1,1,1,1,1,1,1,1,1
Gene144,Gene144,0.23975293424252,1,0.23975293424252,1,1,1,1,2.35377956761287,1,1,1,1,1
Gene145,Gene145,4.59305213003313,1,4.59305213003313,1,1,1,1,1,1.07520297234571,1,1,1,1
Gene146,Gene146,2.24493363411287,49.0603762100966,51.101542604054,1,1,1,1,1,1,1,1,1,1
Gene147,Gene147,0.0956415555430822,1,0.0956415555430822,1,1,1,1,1,1,1,0.826659007188712,1,1
Gene148,Gene148,1.69740513706732,1,1.69740513706732,1,1,1,1,1,1,1,1,1,1
Gene149,Gene149,0.783678162006827,1,0.783678162006827,1,1,1,1,1,1,1,1,1,1
Gene150,Gene150,2.40808773566625,1,2.40808773566625,1,1,1,1,1,1,1.88424827013611,1,1,0.905204787073541
Gene151,Gene151,0.467821594001215,1,0.467821594001215,1,1,1,1,1.03091575128569,1,1,1,1,1
Gene152,Gene152,0.315909151583627,1,0.315909151583627,1,1,1,1,1,1,0.130873099447265,1,1,1
Gene153,Gene153,3.28055897417987,1,3.28055897417987,1,1,1,1,1,1,1,1,1,1
Gene154,Gene154,0.120112053929331,1,0.120112053929331,1,1,1,1,1,1,1,1,1,1
Gene155,Gene155,0.112631855106669,1,0.112631855106669,1,1,1,1,1,1,1,1,1,1
Gene156,Gene156,0.449178185410741,1,0.449178185410741,1,1,1,1,1,1,1,1,1,1
Gene157,Gene157,0.013506001444046,1,0.013506001444046,1,1.29526607793552,1,1,1,1,1,1,1,1
Gene158,Gene158,0.0568258447535852,1,0.0568258447535852,7.84918323527075,1,1,1,1.20977207382545,1,1,1,1,1
Gene159,Gene159,1.54727770301397,1,1.54727770301397,1,1,1,1,1,1,0.231664884593451,1,0.686613907993861,1
Gene160,Gene160,0.521865392121349,1,0.521865392121349,1,1,1,1,1,1,1,1,1,1
Gene161,Gene161,3.95928027909537,1,3.95928027909537,1,1,1,1,1,1,1,1,1,0.882969791574809
Gene162,Gene162,0.0865705368539509,1,0.0865705368539509,1,1,1,1,1,1,1,1,1,0.780190454980251
Gene163,Gene163,5.67147256268875,1,5.67147256268875,1,1.79678671908273,1,1,1,1.81771115406241,1,1,1.1947766635357e-31,1
Gene164,Gene164,0.245534362149043,1,0.245534362149043,1,1,1,1,1,1,1,108.657127316354,1,1
Gene165,Gene165,0.00867693541205295,1,0.00867693541205295,1,1,1,1,1,1,1,1,1,1
Gene166,Gene166,1.32785751633056,33.0473456139919,34.4222867882688,1,1,1,0.751025501801397,1.04067445266333,1,1,1,1,1
Gene167,Gene167,0.0816357874439317,1,0.0816357874439317,1,1,1,1,1,1,1,1,0.469751152391436,1
Gene168,Gene168,0.769640529035753,1,0.769640529035753,1,1,1,1,1,1,1,1,6.97126935423932,1
Gene169,Gene169,0.110961919246683,1,0.110961919246683,1,1,1,1,1,1,1,1,1,1
Gene170,Gene170,0.125706846185731,1,0.125706846185731,0.932453065873201,1.92300251073311,0.542654229550186,1,1,1,1,1,1,1
Gene171,Gene171,1.29772598039176,1,1.29772598039176,1,1,1,1,1,1,1,0.896179827655239,1,1
Gene172,Gene172,1.28035126022826,1,1.28035126022826,1,1,1,1,1,1,1,1,1,1
Gene173,Gene173,1.71521809490096,1,1.71521809490096,1,1,1,1.04144713515987,1,2.3459019339482,1,1,1,1
Gene174,Gene174,3.44750808925331,1,3.44750808925331,1,1,1,1,1,0.947451666857797,1,1,1,1
Gene175,Gene175,1.43217812740055,1,1.43217812740055,1,1,1,1,1,1,1,1,1,3.6062776437582
Gene176,Gene176,0.12757510088069,1,0.12757510088069,1,1,1,1,1,1,1,1,1,0.523410577188232
Gene177,Gene177,0.336072677108022,1,0.336072677108022,1,1,1,1,1,1,1,1,1,1
Gene178,Gene178,0.00645426589283318,1,0.00645426589283318,1,1,1,1,1,1,1,1,1,1
Gene179,Gene179,2.96563790524855,1,2.96563790524855,1,1,1,1,1,1,1,0.638860299696886,1,1
Gene180,Gene180,0.568131958151229,1,0.568131958151229,1,1,1,1,1,1,0.707569884242775,1,1,1
Gene181,Gene181,4.90706039063238,1,4.90706039063238,1,1,2.223294398171,1,2.33390361588237,0.0115464242999347,1,1,1,1
Gene182,Gene182,7.95100913458159,1,7.95100913458159,1,1,1,1,1,1,1,1,1,1
Gene183,Gene183,2.2123327967281,1,2.2123327967281,1,1,1,1,1,1,1,1,1,1
Gene184,Gene184,4.01668451814914,1,4.01668451814914,1,1,1,1,1,1,1,1,1,1
Gene185,Gene185,0.750521613350574,1,0.750521613350574,1,1,1,1.25027360752124,1,1,1,1,1,1
Gene186,Gene186,3.44544811991822,1,3.44544811991822,1,1,1,1,1,1,1,1,1,1
Gene187,Gene187,0.960303885644114,1,0.960303885644114,1,1,1,1,1,1,1,0.090896758333705,1,1
Gene188,Gene188,2.30668374299687,1,2.30668374299687,1,1,1,1,1,1,1,1,1,1
Gene189,Gene189,4.85309303935658,1,4.85309303935658,1,1,1,1,1,1,1,1,1.4287479259737,1
Gene190,Gene190,0.143605264363364,1,0.143605264363364,1,1,1,1,1,1,1,1,1,1
Gene191,Gene191,0.487725681790415,1,0.487725681790415,1,1,1,1,1,0.424249118462044,2.95075168475219,1,1,1
Gene192,Gene192,3.25721164503841,1,3.25721164503841,1,0.435655628931235,1,1,1,1,1,1,1,1
Gene193,Gene193,0.312979884810946,1,0.312979884810946,1,1,1,0.660303633089188,1,1,1,1,1,1.29876695227358
Gene194,Gene194,0.244163845031893,1,0.244163845031893,1,0.212708562396173,1,0.842526577150291,1,1,1,1,1.83115728383122,1
Gene195,Gene195,2.88444542892454,1,2.88444542892454,1,1,1,1,1,1,1,1,1,1
Gene196,Gene196,0.751065100114904,1,0.751065100114904,1,1,1,1,1,1.13195320142523,1,1,1,1
Gene197,Gene197,11.896399177726,1,11.896399177726,1.00349888085313,1,1,1,1,1,1,1,1,1
Gene198,Gene198,3.73956007017247,1,3.73956007017247,1,1,1,1,1,1,1,1,1,1
Gene199,Gene199,0.0419651474317161,1,0.0419651474317161,1,1,1,1,1,1,1,1,1,0.592458421314046
Gene200,Gene200,1.30262039367861,1,1.30262039367861,1,1,1,1,1,1,1,1,1,1
Gene201,Gene201,0.304837937821238,1,0.304837937821238,1,1,1,1,1,1,1,1,1,1
Gene202,Gene202,7.05882801372252,158.09182955977,164.669270553593,1,1,1,1,17.1293416644614,1,1,1,1,1
Gene203,Gene203,1.199247459878,1,1.199247459878,1,1,1,1,0.545809688192243,1,1,1,1,1
Gene204,Gene204,0.389389316715342,1,0.389389316715342,1,1,1,1.88474464939603,1,1,1,1,1,1
Gene205,Gene205,5.88833306594927,1,5.88833306594927,1,1,1,1,1,1,1,1,1,1
Gene206,Gene206,0.331343058477623,1,0.331343058477623,1,1,1,1,1,1,1,1,1,1
Gene207,Gene207,0.0368208960337867,1,0.0368208960337867,1,1,1,1,1,1,11.7511928704151,1,1,1
Gene208,Gene208,0.188538564214283,1,0.188538564214283,1,1,1,1,1,1,1,1,1,1
Gene209,Gene209,0.768569170482473,73.094454418129,76.1355632613227,1,0.579207316985115,1,1,1,1,1,1,1,1
Gene210,Gene210,1.39194210247677,1,1.39194210247677,1,1,1,1,1,1,1,1,1,1
Gene211,Gene211,0.316049083077362,1,0.316049083077362,1,1,1,1,1,1,1,1,1,1
Gene212,Gene212,1.45212538403974,1,1.45212538403974,1,1,1,1,1,1,1,1,1,1
Gene213,Gene213,0.717910696114392,1,0.717910696114392,1,1,1,1,1,1,1,1,1,1
Gene214,Gene214,0.0118009510460591,1,0.0118009510460591,1,1,1,1,1,1,1,1,1,1
Gene215,Gene215,1.45679301344268,1,1.45679301344268,1,1,1,1,1,1,1,2.69690604482872,1,1
Gene216,Gene216,4.1267521278991,1,4.1267521278991,1,1,1,1,1,1,1,1,1,1
Gene217,Gene217,4.37108768633498,1,4.37108768633498,1,1,1,1,1.0093439832079,1,1,1,1,1
Gene218,Gene218,2.66392248757598,1,2.66392248757598,1,1,1.02146192447492,0.760527529088603,1,1,1,1,1,1
Gene219,Gene219,0.852425579218066,1,0.852425579218066,1,1,1,1,1.09472944308488,0.223109617868091,1,1,1,1
Gene220,Gene220,3.22857618873948,1,3.22857618873948,1,1.44161164444066,1,1,1,1,1,1,1,1
Gene221,Gene221,1.43188772506704,1,1.43188772506704,1,1,1.50776166311185,1,1,1,1,1,1,1
Gene222,Gene222,0.0867610684715396,1,0.0867610684715396,1,1,1,1,1,1,1,1,1,1
Gene223,Gene223,0.529966546888912,1,0.529966546888912,1,1,1,2.8902035233088,1,1,1.61523038376076,0.906396524961698,1,1
Gene224,Gene224,4.87850484805624,1,4.87850484805624,1,1,1,1,1,1,1,1,1,1
Gene225,Gene225,0.0158516785859072,1,0.0158516785859072,1,1,1,1,1,1,0.709939519126428,1,1,1
Gene226,Gene226,5.44551080957931,66.5701495697213,69.3398134540857,1,1,1,1,1,1,1,1,1,1
Gene227,Gene227,2.36308116218601,30.750072284053,32.0294349593244,1,0.406825524169735,1,1,1,1,1,1,1,1
Gene228,Gene228,0.627964378324363,1,0.627964378324363,1,1,1,1,1,1,1,1,1,1
Gene229,Gene229,0.907674082390098,1,0.907674082390098,1,1,1,1,1,1,0.8509655961856,1.22163824638297,1,1
Gene230,Gene230,1.74039200316547,44.7779583136734,46.640953886893,1,1,1,1,1,1,1,1,1,1
Gene231,Gene231,1.92225329739159,1,1.92225329739159,1,1,1,1,1,328.935293655542,1,1,1,1
Gene232,Gene232,0.180034225308986,1,0.180034225308986,1,1,1,1,1,0.421656921018268,1,1,1,1
Gene233,Gene233,0.0316289165023995,1,0.0316289165023995,1,1,1,1.01097544797982,0.582221907559488,1,1,1,1,1
Gene234,Gene234,0.112786880236302,1,0.112786880236302,1,123.216452210291,1,1,0.854978118019169,1,1,1,1,1
Gene235,Gene235,0.321343740778847,1,0.321343740778847,1,1,1,0.0555629811893848,1,1,0.841494523476904,2.10505663398032,1,1
Gene236,Gene236,0.0206013488533689,1,0.0206013488533689,1,1,1,1,1,1,1,1,1,1
Gene237,Gene237,1.62935358056506,1,1.62935358056506,1,1,1,1,1,1,1,1,1,1
Gene238,Gene238,1.3080927621291,66.2393313485149,68.9952314771196,1,1,1,1,1,1,1,1,1,1.23083498430342
Gene239,Gene239,2.06752503339358,1,2.06752503339358,0.850703452845233,1,1,0.550103822525091,1,1,1,1,1,0.951985283822122
Gene240,Gene240,0.567736139676206,1,0.567736139676206,1,1,0.578473441124275,1,1,1,1,1,1,1
Gene241,Gene241,2.99949547449562,1,2.99949547449562,1,1,1,1,1,1,1,1,1,1
Gene242,Gene242,0.771712596582813,1,0.771712596582813,1,1,1,1,1,2.16010786871779,1,1,1,1
Gene243,Gene243,0.637262292217045,1,0.637262292217045,1,1,1,1,0.416205359364785,1,1,1,1,1
Gene244,Gene244,0.70436466808516,1,0.70436466808516,1,1,1,1,1.38038219852027,1,1,1,1,1
Gene245,Gene245,2.78685228414365,1,2.78685228414365,1,1,1,1,1,0.387299733340266,1,1,1,1
Gene246,Gene246,3.78098211939327,1,3.78098211939327,1,1.40740942376431,1,1,1,1,1,1,1,1
Gene247,Gene247,1.14701235720027,1,1.14701235720027,0.0173983001728221,0.328477994666372,1,1,1,1,1,1,1,1
Gene248,Gene248,0.253135215376976,1,0.253135215376976,1,1,1,1,1,1,1,1,1,1
Gene249,Gene249,1.21986457207812,1,1.21986457207812,1,1,1,1,1,1,2.3674460396003,1,1,1
Gene250,Gene250,5.2786153947828,1,5.2786153947828,1,1,1,1,1,1,1,1,1,1
Gene251,Gene251,0.239635904140808,1,0.239635904140808,1,1,1,1,1,1,1,1,1,1
Gene252,Gene252,5.0820457133506,1,5.0820457133506,1,1,1,1,1,1,1,1,1,1
Gene253,Gene253,0.00849324845811789,1,0.00849324845811789,1,1,1.32526781504236,1,1,1,1,1,1,1
Gene254,Gene254,0.779379207546791,1,0.779379207546791,1,1,1,1,1,1,1,1,1,1
Gene255,Gene255,0.736029459949496,1,0.736029459949496,1,1,1.1613929785785,1,1.4650851130543,1,1,1,1,1
Gene256,Gene256,1.9509299430134,1,1.9509299430134,1,1,1,1,1,1.17963256370842,1,1,1,1
Gene257,Gene257,7.5573034135918,1,7.5573034135918,1,1,1,1,1,1,1,1,1,1
Gene258,Gene258,0.834333791071437,44.590878694756,46.4460907844268,1,1,1,1,1.1321865594069,1,1,1,1,0.680369266680051
Gene259,Gene259,0.0111754602061842,1,0.0111754602061842,1,1,5.20392637049643,3.01304150060329,1,1,1,0.764654352015037,1,1
Gene260,Gene260,1.3099965962905,1,1.3099965962905,1,1,1,1,1,1,1,1,1,1
Gene261,Gene261,0.180922730807204,1,0.180922730807204,1,1,1.39514253312222,1,1,1,1,0.692001223899109,1,1
Gene262,Gene262,0.0350326347463435,54.0844787973189,56.3346739463131,1,1,1,1,1,1,0.870061388007857,1,1,0.167874852137104
Gene263,Gene263,0.77900784204446,25.212333969408,26.2612979763533,1,1,1,1,1.39825605680985,1,1,1,1,1
Gene264,Gene264,0.304328330294717,1,0.304328330294717,1,0.488737828890784,1,1,1,1,1,1,1,1
Gene265,Gene265,2.04126225362101,1,2.04126225362101,1,1,1,1,1,1,1,1,1,1
Gene266,Gene266,0.00445816319848286,1,0.00445816319848286,1,1,1,1,1,1,1,1,1,1
Gene267,Gene267,1.53503503102776,1,1.53503503102776,1,6.81628378233092,1,1,1,1,1,1,1,1
Gene268,Gene268,0.199258752745395,1,0.199258752745395,1,1.37052370974293,1,1,1,1,1,1,1,1
Gene269,Gene269,5.93416827011655,1,5.93416827011655,1,1,1,1,1,1,1,1,1,1
Gene270,Gene270,1.02118963238343,1,1.02118963238343,1,282.658228196197,1,1,1,0.432231601186302,1,1,1,1
Gene271,Gene271,0.0689080386704626,1,0.0689080386704626,1,7.7831424834492,1,1,1,1,1,1,1,1
Gene272,Gene272,1.18226799449572,1,1.18226799449572,1,1.15731529678949,1,1,1,1,1,1,1,0.55408039763648
Gene273,Gene273,2.00263970459069,1,2.00263970459069,1,1,1,1,1,1,1,1,1,1
Gene274,Gene274,2.23775713640417,1,2.23775713640417,1,0.809380692438582,1,1,1,1,1,1,1,2.39313755327168
Gene275,Gene275,2.0410921019295,1,2.0410921019295,1,1,1.36538915953584,1,1,3.22605433261655e-06,1,1,1,1
Gene276,Gene276,3.26186578086338,1,3.26186578086338,1,1,1,1,1,1,1,1,1,1
Gene277,Gene277,0.670994934619573,1,0.670994934619573,1,1,1,1,1.1845212749657,1,1,1,1,1
Gene278,Gene278,0.344013373986341,1,0.344013373986341,1,1,1,1,1,1,1,1,1,1
Gene279,Gene279,0.201967304330273,1,0.201967304330273,1,1.13178480173012,1,1,1,1.19410411045428,1,1,1,1
Gene280,Gene280,0.197693110597629,1,0.197693110597629,1,1,1,1,1,1,1,1,1,1
Gene281,Gene281,0.937319439696892,1,0.937319439696892,1,1,1,0.031414025101092,1,1,1,1,1,1
Gene282,Gene282,3.56536559505627,1,3.56536559505627,1,1,1,1,1,1,1,1,1,1
Gene283,Gene283,0.0339824633968439,1,0.0339824633968439,1,1,1,0.0104541884725075,1,1.08884607208471,1,1,1,1
Gene284,Gene284,1.09106591944439,1,1.09106591944439,1,1,1,476.562454120141,1,1,1,1,1,1
Gene285,Gene285,2.58499176216041,1,2.58499176216041,1,1,1,1,1,1,1,1,1,1
Gene286,Gene286,1.28308356381602,1,1.28308356381602,1,1,1,1,1.22008348763962,1,1,1,1,1
Gene287,Gene287,1.91365052471297,1,1.91365052471297,1,1,1,1,1,0.974507901227146,1,1,1,1
Gene288,Gene288,0.302011040859104,1,0.302011040859104,1,1,1,0.933395445231142,1.29701182312902,1,1,1,1,1
Gene289,Gene289,0.78848198969295,1,0.78848198969295,1,1,1,1,1,1,1,1,1,2.55450744377165
Gene290,Gene290,2.87785073776784,1,2.87785073776784,1,1,1,1,1,0.966424808979437,1,1,3.56219215762152,1
Gene291,Gene291,0.562504735101211,1,0.562504735101211,1,1,1,1,1,1,1,1,1,1
Gene292,Gene292,0.27952441090154,1,0.27952441090154,1,1,1,1,1,1,1,1,1,1
Gene293,Gene293,6.44620033842152,1,6.44620033842152,1,1,1,1,1,2.87494893424137,0.513187672220767,1,1,1
Gene294,Gene294,0.515419003794518,1,0.515419003794518,1,1,1,1,1,1,1,1,1.77464403850129,2.29013145910718
Gene295,Gene295,3.59115551848441,1,3.59115551848441,1,1,1,1,1,1,1,1,1,1
Gene296,Gene296,0.0436540858714788,1,0.0436540858714788,1,1,1,1,1,1,1,1,1,1
Gene297,Gene297,3.80225683705477,1,3.80225683705477,1,1,1.12619564208207,1,1,1,1,1,1,1
Gene298,Gene298,0.219463420196006,1,0.219463420196006,1,1,1,1,1,1,1,1,1,0.504917753830884
Gene299,Gene299,2.49089112664719,1,2.49089112664719,1,1,1,1,1,1,1,1,1,1
Gene300,Gene300,5.42346602812486,1,5.42346602812486,1,1,1,1,1,1,1,1,1,1
Gene301,Gene301,0.0438468180788608,1,0.0438468180788608,0.991556257287116,1,1,1,1,1,1,1,1,1
Gene302,Gene302,10.7268777705529,1,10.7268777705529,2.00146815616665,1,0.525050530421309,1,1,1,1,1,1,1
Gene303,Gene303,0.0626848766483122,1,0.0626848766483122,0.357243634520476,1,1,1,1,1,1,1,1,1
Gene304,Gene304,2.11952686870378,1,2.11952686870378,1,1,0.874582280319986,1,1,1,1,1,1,1
Gene305,Gene305,0.851289906372413,1,0.851289906372413,0.904733657249961,1,1,1,1,1,1,1,1.44287694126341,1
Gene306,Gene306,0.675584697013218,1,0.675584697013218,1,1,1,0.42275409459432,1,1,1,1,4.33008192854934,1.42856161102577
Gene307,Gene307,1.56197147972004,1,1.56197147972004,3.17395415881335,1,1,1,1,19.7880280226761,1,1,1,1
Gene308,Gene308,0.232109296474816,1,0.232109296474816,1,1,1,1,1,0.956044663096203,1,1,1,0.990624243148973
Gene309,Gene309,5.13303896101682,1,5.13303896101682,1,1,1,1,1,1,1,1,0.812421716768914,1
Gene310,Gene310,0.0211570414550279,1,0.0211570414550279,1,1,1,1,1,1,1,1,1,1
Gene311,Gene311,2.36060905188579,1,2.36060905188579,1,1,1,1,1,1,1,1,1,1
Gene312,Gene312,2.7752691218719,1,2.7752691218719,1,1,1,1,1,0.679626861948804,1,2.25479415185621e-169,1,1
Gene313,Gene313,0.061480817063794,1,0.061480817063794,1,1,1,1,1,1,1,1,1,1
Gene314,Gene314,1.05698401292647,1,1.05698401292647,1,1,1,1,1,1.06515428470728,1,1,1,1
Gene315,Gene315,5.6567350841771,1,5.6567350841771,1,1,1,1,1,1,1,1,1,1
Gene316,Gene316,0.414606310035183,117.237239950353,122.114917880955,1,1,1,1,1,1,1,1,1,1
Gene317,Gene317,0.206589566903987,1,0.206589566903987,1,1,1,1,1,1,1,1,1,1
Gene318,Gene318,6.0089343917797,1,6.0089343917797,1,1,1.91531549976538,1,1,1,1,0.838688499540229,1,1
Gene319,Gene319,1.81731691021753,1,1.81731691021753,1,3.02988743712426,1,1,1,1,1,0.332057872148508,1,1
Gene320,Gene320,0.566771977454348,1,0.566771977454348,1.00805494150213,1,1,1,1.65336411063164,1,1,1,1,1
Gene321,Gene321,0.171666571563613,1,0.171666571563613,1,1,1,1,0.729860202221245,1,1,1,1,1
Gene322,Gene322,2.65897391464183,1,2.65897391464183,1,1,1,9.59269565706657,1,1,1,1,1,2.55649798952477
Gene323,Gene323,0.738549773129107,1,0.738549773129107,1,1,1,1,1,1,1,1,1,1
Gene324,Gene324,2.11693820428259,1,2.11693820428259,1,1,0.744600508216673,1,1,1,1,1,1,1
Gene325,Gene325,0.319022114252893,1,0.319022114252893,1,1.33310444762637,1,0.218298196640131,1,1,1,1.29878895312766,1,1
Gene326,Gene326,3.6318910997593,1,3.6318910997593,1,1,1,1,1,1,1,1,1,1
Gene327,Gene327,0.317669232518787,1,0.317669232518787,1,1,1,1,1,1,1,1,1,1
Gene328,Gene328,3.90524064557026,1,3.90524064557026,1,1,1.00322793600818,1,1,1,1,1,1,1
Gene329,Gene329,0.389598853936255,1,0.389598853936255,0.563809582767427,1,1,1,1,1,1,1,1,1
Gene330,Gene330,4.90311142362783,1,4.90311142362783,1,1,1,1.57530542314109,1,1,1,1,1,1
Gene331,Gene331,3.67968207049934,1,3.67968207049934,1,1,1,1,1,1,1,1,1,1
Gene332,Gene332,5.58813635152135,1,5.58813635152135,1,2.55522377509303,1,1,1,1,1,1,1,1
Gene333,Gene333,1.737414102943,1,1.737414102943,1,4.86402279693387,1,1,1.91476634717908,1,1,1,1,1.67863021109532
Gene334,Gene334,0.227846654875239,1,0.227846654875239,1,1,1,1,1,1,1,1,1,1
Gene335,Gene335,2.51851514852152,1,2.51851514852152,1,1,1.78578420232884,0.449914938349224,1,1,1,1.24300890689042,1,1
Gene336,Gene336,0.0132072995240244,1,0.0132072995240244,1,1,1,1,1,1,1,1,1,1
Gene337,Gene337,1.14115156592986,1,1.14115156592986,1,1,1,1,1,1,1,1,1,1
Gene338,Gene338,0.0200057401519218,1,0.0200057401519218,1,1,1,1,1,1,1,0.749382359707939,1,1
Gene339,Gene339,0.0168868052253874,1,0.0168868052253874,1,1.08275952722498,1,1,1,1,1,1.04549885067444,0.674246055151087,1
Gene340,Gene340,0.845501930972836,1,0.845501930972836,1,1,1,0.0790480634227167,1,1,1,1,1,1
Gene341,Gene341,5.20990741400409,1,5.20990741400409,1,1,1,1,1,1,1,1,1,1
Gene342,Gene342,0.345123430779376,1,0.345123430779376,1,1,0.991858991303433,1,1,1,1,1,1,1
Gene343,Gene343,0.382850516351136,1,0.382850516351136,1,1,1,1,1,1,1,1,1,1
Gene344,Gene344,0.31415288928379,1,0.31415288928379,1,1,1,1,0.410378663477053,1,1,1,1,1
Gene345,Gene345,1.64748032695345,1,1.64748032695345,1,1,1,1.39877206760328,1,1,1,1,0.198745816528732,1
Gene346,Gene346,6.40015450201548,1,6.40015450201548,1,1,1,1,1,1,1,461.421052737954,1,1
Gene347,Gene347,0.920715455053394,1,0.920715455053394,1,1,1,1,2.8246284305245,1,1,1,1,1
Gene348,Gene348,0.883663595518839,119.557326109177,124.53153167092,1,1,1,1,1,1,0.65819128716893,1,1,1
Gene349,Gene349,4.76822082758642,1,4.76822082758642,1,1,1,1,1,1,1,1,1,1
Gene350,Gene350,0.619476704535777,1,0.619476704535777,1,1,1,1,1,1,1,1,0.494484866727395,1
Gene351,Gene351,0.319500754992681,1,0.319500754992681,1,1,1.35674921480366,1,1,1,1,1,1,1
Gene352,Gene352,0.412226054877249,1,0.412226054877249,1,1,1,1,1,1,1,1,1,1
Gene353,Gene353,0.627014064444314,1,0.627014064444314,1,1,1,0.0878204036653326,1,1,1,1,1,1
Gene354,Gene354,1.13724838830135,1,1.13724838830135,1,1,1,1,1,1,1,1,1,1
Gene355,Gene355,11.1275510791438,1,11.1275510791438,1,1,1,1,1.5446819491421,1,1,1,1,3.71111793402888
Gene356,Gene356,2.24361371641922,1,2.24361371641922,1,0.486730331323338,1,1,1,1,1,1,1,1
Gene357,Gene357,0.132490510514592,28.3638871867643,29.5439721718384,1,1,1,1,1,1,1,1,1.39766186091936,1
Gene358,Gene358,1.64970179773111,1,1.64970179773111,0.758118369037208,1,1,1,1,3.46873325233958,1,1,1,1
Gene359,Gene359,0.0948847870569092,1,0.0948847870569092,1,1,1,1,1,1,1,1,1,1
Gene360,Gene360,2.04000367492979,1,2.04000367492979,1,1,1,0.478123558910917,1,1,1,1,1,1
Gene361,Gene361,1.73170676127678,1,1.73170676127678,1,1,1,1,1,1,1,1,1,1
Gene362,Gene362,1.11492935483028,1,1.11492935483028,1,1,1,1,1,1,1.13062489971908,1.04201718166684,1,1
Gene363,Gene363,0.0897509824665745,1,0.0897509824665745,1,1,1.29408796679998,0.766673079619987,1,1.30587706269439,1,1,1,1
Gene364,Gene364,0.791923958669776,1,0.791923958669776,1,1,1,1,1,1,1.28611982179918,1,1,1
Gene365,Gene365,0.122402129714222,1,0.122402129714222,1,1,1,1,1,1,1,1,1,1
Gene366,Gene366,1.767821791956,1,1.767821791956,1,1,5.903763398588,1,1,1,1,1,1,1
Gene367,Gene367,1.25315658314342,1,1.25315658314342,1,1,1,1,1,1,1,1,1,1
Gene368,Gene368,3.9072327774642,1,3.9072327774642,1,1,1.10058472449587,1,1,1,1.57992357179147,1,1,1
Gene369,Gene369,4.49395878055293,1,4.49395878055293,1.02578292318561,1,1,1,1,1,1,1,1,1
Gene370,Gene370,1.69798661717074,1,1.69798661717074,1,1,1,1,1,1,1,1,1,1
Gene371,Gene371,5.1403731466707,1,5.1403731466707,0.865757753060315,1,1,1,1,1,1,1,3.17549803124795,1
Gene372,Gene372,1.48100391106788,1,1.48100391106788,1,1.72809472866215,0.135699186499182,1,1,1,1,1,1,1
Gene373,Gene373,0.0530474035584878,1,0.0530474035584878,1.16602742191977,1,1,1,1,1,1,1,1,1
Gene374,Gene374,0.404328102178609,1,0.404328102178609,1,1,1,1,1,1,1,1,1,1.02197669897769
Gene375,Gene375,0.205165137217218,1,0.205165137217218,1,1,2.54077226754834,1,1,1,1,1,1,1
Gene376,Gene376,1.45109199292538,1,1.45109199292538,1,1,1,1,1,1,1,1,1,1
Gene377,Gene377,1.14719228061613,1,1.14719228061613,1,1,1,1,1,1,1,1,1,1
Gene378,Gene378,2.0515325392752,1,2.0515325392752,1,0.160669726873855,1,1,1,1,1,1,1,0.906793730071442
Gene379,Gene379,2.1223216851193,1,2.1223216851193,1,1,1,1,1,1,1,1,1,1
Gene380,Gene380,0.596317968577026,1,0.596317968577026,1,1,1,0.318719233320201,1,1,1,1,1,1
Gene381,Gene381,2.84265917699727,1,2.84265917699727,1,1,1,1,0.839801600108844,1,1,0.818097655177906,1,1
Gene382,Gene382,3.95034077658294,1,3.95034077658294,1,1,1,1,1,1,1,1,1,1
Gene383,Gene383,1.36771919918878,1,1.36771919918878,1,1,1,1,1,1.22917888207371,1,1.34991381217132,1,1
Gene384,Gene384,0.321052878702765,1,0.321052878702765,1,1,1,1,1,1,1,1,1,1
Gene385,Gene385,3.60065317593218,1,3.60065317593218,0.427278624681297,1.32459969454442,1,1,1,1,1,1,1,1
Gene386,Gene386,1.64283370830908,63.9996152303701,66.6623315388429,1,1,1,1,1,1,1,1,1,1
Gene387,Gene387,0.00110956685036116,1,0.00110956685036116,1,1,1.45793175888253,1,1,81464.6139566614,1,1,1,1
Gene388,Gene388,1.83961728650394,1,1.83961728650394,1,1,1,1,1,1,1,1,1,1
Gene389,Gene389,1.63106619346176,1,1.63106619346176,1,1,0.285838835041261,1,1,1,1,1,1,1
Gene390,Gene390,0.0282016488751882,1,0.0282016488751882,1,1,1,1,1,1,3.64880757729152,1,1,1
Gene391,Gene391,1.06764887677364,1,1.06764887677364,1,1,1,1.01061567449752,1,1,1,0.674234510506497,1,1
Gene392,Gene392,0.0240832198117153,1,0.0240832198117153,1,1,1,1,1,1,1,1,1.27064768305952,1
Gene393,Gene393,3.2028976812025,1,3.2028976812025,1,1,1,1,0.949210300096141,1,1,1,1,1
Gene394,Gene394,0.9098525667904,60.7679191226007,63.2961800925655,1,0.0248342200642362,1,1,1,1,1,1,1,1
Gene395,Gene395,2.05114823900315,1,2.05114823900315,1,1,1,1,1,1,1,1,1,1
Gene396,Gene396,0.303197779051165,1,0.303197779051165,1,1,1,1,1,1,1,0.506379391103161,1,1
Gene397,Gene397,0.580514048183641,1,0.580514048183641,1,50.0512791173265,1,1,1,1,1,1,1,27.6975764221632
Gene398,Gene398,0.627186310577426,1,0.627186310577426,1,1,1,1,1,1,1,1,1,1
Gene399,Gene399,0.586583215002272,1,0.586583215002272,1,1,1,1,1,1,1,1,1,1
Gene400,Gene400,0.340860986499618,1,0.340860986499618,1,1,1,1,1,1,0.000144391199933949,1.34249230372304,1,1
Gene401,Gene401,0.853530037212707,1,0.853530037212707,1,1,1,1,1,1,1,1,1,14.5300002239253
Gene402,Gene402,0.0359895153091532,1,0.0359895153091532,1,1,1,1,1,1,1,0.722117256365669,1,1
Gene403,Gene403,0.492870090484705,47.1671342901993,49.1295319897223,1,1,1,1,1,1,1,1,1,0.354216950964878
Gene404,Gene404,2.29982006948469,1,2.29982006948469,1,1,1,0.8526694500465,0.760263522590364,1,1,1,1,1
Gene405,Gene405,0.262353407868481,1,0.262353407868481,1,1,1,1,1,1,1,1,1,1
Gene406,Gene406,0.537261402254117,53.7581512214688,55.9947694488676,1,1,1,0.961176042181229,1,1,1,1,1,0.361491810930184
Gene407,Gene407,2.85748812589621,38.3402260996549,39.9353785851598,0.809679396049812,1,1,1,1,1,1,1,1,1
Gene408,Gene408,0.565941640399248,1,0.565941640399248,1,1,1,1,1,1,1,1.17683808890661,1,1
Gene409,Gene409,0.767471788163805,1,0.767471788163805,1,1,1,1,1,0.948943221929333,1,1,1,1
Gene410,Gene410,1.66953814809935,1,1.66953814809935,1,1,1,1,1,1,1,1,1,1
Gene411,Gene411,1.54788260558079,1,1.54788260558079,1,1,1,1,1,1,1,1,1,1
Gene412,Gene412,1.47074954792217,1,1.47074954792217,1,1,1,1,0.450281824577031,1,1,1,1,1
Gene413,Gene413,0.432346825071422,1,0.432346825071422,1,1,1,1,1,1,1,1,1,1
Gene414,Gene414,2.57191676114519,1,2.57191676114519,1,1,1,1,1.43947568563181,1,1,1,1,1
Gene415,Gene415,1.40552472660241,1,1.40552472660241,1,1,1,1,1,1,1,1,1,1
Gene416,Gene416,4.24109678081378,1,4.24109678081378,1,1,1,1,1,1,2.34740840809027,1,1,1
Gene417,Gene417,0.0108085664220786,38.7905594038122,40.4044480931038,1,1,0.942654001310883,1,1,1,1,0.951971933591546,2.58199775543596,0.310055783770437
Gene418,Gene418,0.476624521485724,1,0.476624521485724,1,1,1,1,1,1,0.64180721518201,1,1,1
Gene419,Gene419,3.13637881873416,1,3.13637881873416,1.03925674227512,1,1,1,1,1,1,1,1.23998682485327,1
Gene420,Gene420,4.84873487135817,1,4.84873487135817,1,1,1,1,1,1,1,1,1,1
Gene421,Gene421,1.61748494742086,84.1675164013572,87.669322119389,1,1,1,1,1,1,1,1,1,1
Gene422,Gene422,1.28608599028741,1,1.28608599028741,1,0.448905509183018,1,1,1,1,1,1,1,1
Gene423,Gene423,0.609350843862024,1,0.609350843862024,1,0.151750128863162,1,1,1,1,1,0.56707307190362,1,1
Gene424,Gene424,1.28810228276433,1,1.28810228276433,1,1,1,1,1,1,1,1.27103255343332,1,1
Gene425,Gene425,0.000131910456158915,1,0.000131910456158915,1.91862962179373,1,1,1,1.00953135295522,1,1,1,1,1
Gene426,Gene426,1.96781764076286,1,1.96781764076286,1,1,1,1,1,0.759972414362085,1,1,1,1
Gene427,Gene427,1.3932316582745,1,1.3932316582745,1,1,1,1,1,1,1,1,0.599088474459971,1.26528758868438
Gene428,Gene428,3.62760591175713,1,3.62760591175713,1.23880869460357,1,1,1,1,1,1,1,1,1
Gene429,Gene429,4.07923591398409,1,4.07923591398409,1,1,1,1,1,1,2.33534649756916e+30,1,1,1
Gene430,Gene430,0.0516409447212298,1,0.0516409447212298,1,1,0.667532876853004,1,1,1,1,1,1,1
Gene431,Gene431,3.00191378805059,1,3.00191378805059,1,1,1,1,1,1,1,1,1,2.01837695387553
Gene432,Gene432,0.201673946048979,1,0.201673946048979,1,1,1,1,1,1,1,1,0.929337916849329,1
Gene433,Gene433,0.0787038733768471,1,0.0787038733768471,1,1.13689315378333,1,1,1,1,1,1,1,1
Gene434,Gene434,7.82858347295016,1,7.82858347295016,1,1,18.394455861424,1,1,1,1,1,1,1
Gene435,Gene435,0.12731784704075,1,0.12731784704075,1,1,1,1,1,1,1,1,1,1
Gene436,Gene436,3.02424149373417,49.4684816832996,51.5266273840101,0.0581287164562861,1,1,1,1,0.680732043810576,1,1,1,1
Gene437,Gene437,0.00299293797320628,1,0.00299293797320628,1,1,1.60778867834328,1,0.835996137618892,1,1,1,1,1
Gene438,Gene438,1.23582484850912,1,1.23582484850912,1,1.00837374496635,1,1,1,1,1,1,0.864541839819188,1
Gene439,Gene439,0.768914376037408,1,0.768914376037408,1,1,1,1,1,1,1,1,1,1
Gene440,Gene440,1.36237532429732,1,1.36237532429732,1,1,1,1,1,1,0.485953656370458,1,1,1
Gene441,Gene441,0.850596877219613,1,0.850596877219613,7.47025753659897e-08,1,1,1,1,1,1,1,2.07739713392295,1
Gene442,Gene442,0.963189599733585,1,0.963189599733585,1,1,1,1,1,0.0544623262064044,1,1,1,1
Gene443,Gene443,1.32657342892233,1,1.32657342892233,1,1,1,0.669634704603723,1,1,1,1,1,1
Gene444,Gene444,0.127807583083344,1,0.127807583083344,0.574589892093743,1,1,1.40502339229209,1,1,1,1,1,1
Gene445,Gene445,5.87202054124799,1,5.87202054124799,1,1,1,1.21396215576208,1,1.36196224096234,1,1,1,1
Gene446,Gene446,0.650882637986716,1,0.650882637986716,1,1,1,1,1,1.75912317104711,1,1,1,1
Gene447,Gene447,1.61888136747579,1,1.61888136747579,1,1,1,1,1,1,1,1,2101.71893856563,1
Gene448,Gene448,1.21896596358468,1,1.21896596358468,1,1,1,1,1,1,1,1,1,13.3714006039069
Gene449,Gene449,0.274482381584873,1,0.274482381584873,1,1,1,1,1,1,1,1,1,1.76743001358859
Gene450,Gene450,0.0357744487158276,1,0.0357744487158276,1,1,1,1,1,1,1,1,1.30119913991607,1
Gene451,Gene451,2.43371975900746,1,2.43371975900746,0.844983518722788,1,1,7.12773460907822e-16,1,1,1,1,1,1.67963998046346
Gene452,Gene452,5.94027853990859,1,5.94027853990859,1,1,1.39850526960109,1,1.56883458501617,1,1,1,1,1
Gene453,Gene453,0.282140658455117,67.7131273651201,70.5303450606296,1,1,1,1,1,1,1,1,1,1
Gene454,Gene454,0.00414984950617691,1,0.00414984950617691,1,1,1,1,1,1,0.925593016676116,1.06286205693838,1,1
Gene455,Gene455,0.962848036580049,1,0.962848036580049,1,1,1,1,1.32101682536266,1,727.554466893015,0.743323225898991,1,1
Gene456,Gene456,1.24493926453508,1,1.24493926453508,1,1,1,1,1,1,1,1,1,1
Gene457,Gene457,0.240107229707506,1,0.240107229707506,1,1,1,1,1,1,1,1,1,1
Gene458,Gene458,2.13042253737017,1,2.13042253737017,1,1,1,1,1,1,1.5270021156782,1,1,1
Gene459,Gene459,4.07751844922826,1,4.07751844922826,1,1,1,1,1,1,0.877595911786309,1,1,1
Gene460,Gene460,0.108625229287113,1,0.108625229287113,1,1,1,1,0.339893182819582,1,1.09633635940142,1,1,1
Gene461,Gene461,6.1037177984146,1,6.1037177984146,1,1,1,1,1,1,1,1,1,1
Gene462,Gene462,1.45761149214103,1,1.45761149214103,1,1,1,1,1,1,1.35572872483855,1,1,1
Gene463,Gene463,0.14314231313352,1,0.14314231313352,1,1,1,1,1,0.858772857642011,1,1,1,1
Gene464,Gene464,1.98710911298251e-06,1,1.98710911298251e-06,1,1,1,1,1,1,1,1,1,1.10485904079084
Gene465,Gene465,0.0278214623004077,1,0.0278214623004077,1,1,1,0.598023177048144,1,1,1,1,1,1
Gene466,Gene466,2.54287596684082,1,2.54287596684082,1,1,1,1,1,0.578081623611486,1,1,1,1
Gene467,Gene467,0.363385704393349,1,0.363385704393349,1,1,1,1,1,1,1,1,1,1
Gene468,Gene468,1.34806733985927,1,1.34806733985927,1,1,1,1,1,1,1,1.07157210171537,1,1
Gene469,Gene469,3.69581710461631,1,3.69581710461631,1.10345882603465,1,1.40921666440393,1,1,1,1,1,1,3.02255770963363
Gene470,Gene470,9.06839702066322,1,9.06839702066322,1,1,1,1,1,1,1,0.779308626617592,1,1
Gene471,Gene471,0.0268055391709312,1,0.0268055391709312,1,1,1,1,1,1,1,1,1,1
Gene472,Gene472,1.9220800173531,1,1.9220800173531,1.28686587172579,1,1,1,1,1,1,1,1.9754443314673,1
Gene473,Gene473,1.04885689005576,1,1.04885689005576,1,1,1,1,2.60027633346923,1,1,1,1,1
Gene474,Gene474,0.0740780276840726,1,0.0740780276840726,1,1,1.18790699836897,1,1,1,1,1,1,1
Gene475,Gene475,0.908937238194629,1,0.908937238194629,1,1.59445604108812,1,1,1,1,1,1.0295428242394,1,37.2190090826129
Gene476,Gene476,3.59967850023792,1,3.59967850023792,1,1,1,1,1,1,1,1,1,1
Gene477,Gene477,2.15975482927222,1,2.15975482927222,1,0.390970978633169,1,1,0.754719029596495,1,1,1,1,1
Gene478,Gene478,4.62134977212291,1,4.62134977212291,1,1,1,1,1,1,1,1,2.16493411576237,1
Gene479,Gene479,0.0816220925521237,56.2618265250892,58.6026106453308,1,1,1,1,1,1,1,1,1,1
Gene480,Gene480,3.86924322497029,1,3.86924322497029,1.08086028399637,1.07861826227585,1,1,1,1,1,1,1,1
Gene481,Gene481,0.849605177917182,1,0.849605177917182,1,1,1,1,1,1,1,1,1,1
Gene482,Gene482,1.49976656740919,1,1.49976656740919,1,1,4.16806036681117,1,1,1,1,1,1,1
Gene483,Gene483,2.04871818158031,1,2.04871818158031,1,1,1,1,1,1,1,1,253.208979564573,1
Gene484,Gene484,2.56115598184775,1,2.56115598184775,1,0.869442473967767,1,1,1,1,1,1.11024363555837,1,1
Gene485,Gene485,0.252650147207668,1,0.252650147207668,1,1.41018314765185,1,1,1,0.691634497225813,1,1,1,1
Gene486,Gene486,0.434729474610756,1,0.434729474610756,1,1,1,1,1,1,1,1,1,1
Gene487,Gene487,0.112577887561422,31.8819627596691,33.2084179560123,1,1.70233355524021,1,31.1748821247453,1,0.97013827229169,1,1,1,1
Gene488,Gene488,3.97941531290012,1,3.97941531290012,1,1.32658605244905,1,1,1,1,1,1,1,1
Gene489,Gene489,0.212558355041468,1,0.212558355041468,1,1,1,1,1,1,1,1,1,1
Gene490,Gene490,2.25897449060516,1,2.25897449060516,1,1,1.18234457522641,1,1,1,1,1,1,1
Gene491,Gene491,0.000174877090179053,1,0.000174877090179053,1,1,1,2.5688875475437,1,34.1870451571475,1,1,1,1.03237447744621
Gene492,Gene492,1.33516843886362,1,1.33516843886362,1,1,1,1,1,1,1,1,1,1
Gene493,Gene493,3.14957958194551,1,3.14957958194551,1,1,1,1,1,1,1,1,1,1
Gene494,Gene494,0.751129018145721,1,0.751129018145721,1,1,1,1,1,1,1,1,1,1
Gene495,Gene495,3.69291028913982,1,3.69291028913982,1,1,1,1,1,1,1,1,1,1
Gene496,Gene496,2.73514022088103,1,2.73514022088103,1,1,1,0.955084167797131,1,1,1,1,1,1
Gene497,Gene497,0.0650871323880885,1,0.0650871323880885,1,1,1,1,1,1,1,1,1,1
Gene498,Gene498,1.09844843782176,1,1.09844843782176,1,1,1,1,1,1,1,1,1,1
Gene499,Gene499,0.806170658950878,1,0.806170658950878,1,1,1,1,1,1,0.128355357349894,1,1,1
Gene500,Gene500,1.70017565933861,1,1.70017565933861,1,1,0.775529680087642,1,1,1,1,1,1,1
Gene501,Gene501,0.500734762427754,1,0.500734762427754,1,1,2.41491211515717,1,1,1,1,1,1,1
Gene502,Gene502,1.10242418874246,1,1.10242418874246,1,1,1,1,1,1,1,1,1,1
Gene503,Gene503,3.02396530650096,1,3.02396530650096,1,1,1,1,1,1,1,1,0.412448177614489,0.137894679249547
Gene504,Gene504,1.81490322237179,1,1.81490322237179,1,1,0.56534049999594,1,1,1,1,1,1,1
Gene505,Gene505,0.0201322984122698,1,0.0201322984122698,1,1,1,1,1,1,1,1,1,1
Gene506,Gene506,0.451715641466673,1,0.451715641466673,1,1,1,1.51758283369348,1,1,1,1,1,3.48682651241187
Gene507,Gene507,0.725356893649795,1,0.725356893649795,1,1,1,1,1,1,1,1,1,1
Gene508,Gene508,0.0578991645062221,1,0.0578991645062221,1,1,1.43909160733914,0.462639310712263,1,1,1,0.662679659391861,1,1
Gene509,Gene509,1.66070236483266,1,1.66070236483266,1,1,1,1,1,1,1,1.1544059276349,1,1
Gene510,Gene510,2.04371096803956,1,2.04371096803956,1,1,1,1,1,1,1,1,1,1
Gene511,Gene511,2.7032083997518,1,2.7032083997518,1,1,1,2.16709242249872,1,1,1,0.920150431766901,0.984443667301688,1
Gene512,Gene512,0.142371113769629,121.467363486601,126.521036521021,1,1,1,1,1,1,1,1,1,1
Gene513,Gene513,0.562067723315953,1,0.562067723315953,1,1,1,1,1,1,1,1,1.23101921115666,1
Gene514,Gene514,3.25571171710368,1,3.25571171710368,1,1,1,1,1,1,0.996263239095824,1,1,1
Gene515,Gene515,7.20443626681074,1,7.20443626681074,1,1,0.832511581148862,1,1,1,1.27138447189698,1,1,0.956080213451225
Gene516,Gene516,4.78038554323637,1,4.78038554323637,1,1,1,1,1,0.591831588283013,1,1,1,1
Gene517,Gene517,0.017722459819217,1,0.017722459819217,0.562789804264898,1,1,1,1,1,1,1,1,1
Gene518,Gene518,4.16892471939391,1,4.16892471939391,1,1,1,1,1,1,1,1,1,1
Gene519,Gene519,3.42027310801435,1,3.42027310801435,1,1,1,1,1,1,1,1,1,1
Gene520,Gene520,5.52265281468524,1,5.52265281468524,1,1,1,1,1,1,1,3.28833101053047,1,1
Gene521,Gene521,3.51512333613976,1,3.51512333613976,0.40722034305174,1,1,1,1,1,1,1,190465.221569298,0.0136065405959495
Gene522,Gene522,1.10548003880007,1,1.10548003880007,2.12545293755772,1,1,1,1,1,2.22128038621715,1,1,1
Gene523,Gene523,0.183706681791459,1,0.183706681791459,1,1,1,1,1,1,1,1,1,1
Gene524,Gene524,0.479982954339446,1,0.479982954339446,1,1,1,1,1,1,1,1.99406069082866,1.04223524468193,1
Gene525,Gene525,0.0644179973146046,1,0.0644179973146046,1,1,1,1,1,0.663669326687697,1,1,0.996221380131826,1
Gene526,Gene526,4.22761018111226,1,4.22761018111226,1,0.676680665760748,1,1,1,1,1,1,1,1
Gene527,Gene527,0.0504417422941606,1,0.0504417422941606,1,1,1,1,1,0.823993698030494,2.42734853319564,1,0.951435134519286,1
Gene528,Gene528,0.246225301526737,1,0.246225301526737,1,1,1,1,1,1,1,1,1,1
Gene529,Gene529,9.32846620453334e-05,1,9.32846620453334e-05,1,1,1,1,1,1,1,1,1,0.508398350413537
Gene530,Gene530,0.140348759848139,1,0.140348759848139,1.34148168754918,1,1,1,1,1,1,1,1,1
Gene531,Gene531,0.949301932066854,1,0.949301932066854,1,1,1,1,1,1,1,1,1,1
Gene532,Gene532,0.400045277342633,1,0.400045277342633,1,28.836707148311,1,1,1,1,1,1,1,1
Gene533,Gene533,0.116286115702901,1,0.116286115702901,1,1,1,1,1,1.09876661033416,1,1,1,1
Gene534,Gene534,0.643797034737632,1,0.643797034737632,1,1,1,1,1,1,1,1,1,1
Gene535,Gene535,0.125351172288869,1,0.125351172288869,1,1,1.13140908231783,1,1,1,1,1,1,1
Gene536,Gene536,4.03142845300914,1,4.03142845300914,1,1,1,1,1,1,1.0474828295342,1,1,1
Gene537,Gene537,3.24261711079493,1,3.24261711079493,1,1,1,1,1,1,1,1,1,1
Gene538,Gene538,1.30947706810616,1,1.30947706810616,0.800731462300347,1,1,1,1,1,1,1,1,1
Gene539,Gene539,0.000727747904312604,1,0.000727747904312604,1,1,1,1,1,1,1,1,1,1
Gene540,Gene540,1.54971011318236,1,1.54971011318236,1,0.56006614543379,1,1,1,1,1,1,1,0.223068991133892
Gene541,Gene541,0.641107486680845,1,0.641107486680845,1,1,1,0.962309762472373,1,1,1,1,1,1
Gene542,Gene542,0.249671107435941,1,0.249671107435941,1,1,1,1,1,1,1,1,1,1
Gene543,Gene543,3.61584178347098,1,3.61584178347098,1,1,1,1.4086783009275,1,1,1,1,1,2.94559562753075
Gene544,Gene544,1.1745175325048,1,1.1745175325048,1,1,1,2.73940012033376,1,1,1,1,0.737057011675085,1
Gene545,Gene545,1.01620377408688,1,1.01620377408688,1,1,0.858856866958603,1,1,1,1,1,1,1
Gene546,Gene546,1.80084090928207,1,1.80084090928207,1,1,0.607566607724662,1,1,1,0.751386071388405,1,1,1
Gene547,Gene547,4.15489892884542,1,4.15489892884542,1,1,1,1,1,1,1,1,1,1
Gene548,Gene548,0.31419920505043,1,0.31419920505043,1,1,1,1,1,1,1,1,1,1
Gene549,Gene549,8.8764623018887,1,8.8764623018887,1,1,1,1,1,1,1,1,1,1
Gene550,Gene550,0.0643648992116615,1,0.0643648992116615,0.381219713036229,1,1,1,1,1,1,1,1,1
Gene551,Gene551,2.65175986915382,1,2.65175986915382,1,1,1,1,0.839473468647137,1,5.89655253756746,1,1,1
Gene552,Gene552,0.452271251255247,1,0.452271251255247,1,1,1,1,1,1,1,1,1,1
Gene553,Gene553,3.97075885710867,1,3.97075885710867,1,1,1,1,1,1,2.55144500662164,16.2458071522774,1,1
Gene554,Gene554,0.487401685302774,1,0.487401685302774,1,1,1,1,1,1,1,1,1,0.0961666273423552
Gene555,Gene555,0.0113019347431922,1,0.0113019347431922,1,1,1,1,1,1,1,1,1,1
Gene556,Gene556,0.608691078374345,1,0.608691078374345,1,1,1,1,1,1,1,1,1,1
Gene557,Gene557,0.974489822627679,1,0.974489822627679,1,0.895099158137126,1,1,1,2.65064589329175,1,1,1,1
Gene558,Gene558,2.93373077110779,1,2.93373077110779,1,1,1,1,1,1,1,1,1,1
Gene559,Gene559,2.41264602806087,1,2.41264602806087,0.88988118226983,1,1,1,1,1,1,1,1,1
Gene560,Gene560,1.9483988947587,1,1.9483988947587,1,1,1,1,1,1,1,1,1,1
Gene561,Gene561,0.106801862385437,1,0.106801862385437,1,1,1,1,1,1,1,1,1,1
Gene562,Gene562,0.579485631821737,1,0.579485631821737,1,1,1,1,1,1,1,1,1,1
Gene563,Gene563,0.184600521449616,1,0.184600521449616,1,0.276350206026722,1,1,0.630366796623672,1,1,1,1,1
Gene564,Gene564,0.211141015807999,1,0.211141015807999,1,1,1,1,1,1,1,1,1,1
Gene565,Gene565,2.65195517969468,1,2.65195517969468,1,1,1,1,1,1,1,1,1,1
Gene566,Gene566,1.03435349484697,1,1.03435349484697,1,1,1,1,1,1,1,1,1,1
Gene567,Gene567,9.61994993775979,103.93044601928,108.254492227468,0.124558152102655,1,1,1,1,1,1,1,1,1
Gene568,Gene568,2.66519339730039,1,2.66519339730039,1,1,1,1,1,1,1,1,1.90746510353769,1
Gene569,Gene569,0.451686927447997,1,0.451686927447997,1,1.01491632207386,1,1,1,1,1,1,1,1
Gene570,Gene570,3.65248178256484,59.6982972704676,62.1820564174242,0.107649676936894,1,1,1,1,1,1,1,1,1
Gene571,Gene571,2.360938426138,1,2.360938426138,1,1,1,1,1,1,1,1,1,1
Gene572,Gene572,1.64198946140101,1,1.64198946140101,1,1,1,1,1,1,1,1,1,0.299325653513413
Gene573,Gene573,0.114976078971038,1,0.114976078971038,1,0.350755857677745,1,1,1,1,4.11451516585866,1,1,1
Gene574,Gene574,8.93435252408718,1,8.93435252408718,1,1,1,1,1,1.15626697631342,0.927576677792278,1,1,1
Gene575,Gene575,0.0281156371236459,1,0.0281156371236459,1,1,1,1,1,1,1,1,1,1
Gene576,Gene576,0.517820051805603,1,0.517820051805603,1,1,1,1,1,1,1,1.26502986724069,1,1
Gene577,Gene577,0.149149923695708,1,0.149149923695708,1,1,1,1,1,1,1,1,1,1
Gene578,Gene578,1.87690537511862,1,1.87690537511862,1,1,1,1,1,1,1,1,1,1
Gene579,Gene579,2.59229481342007,1,2.59229481342007,1,1,1,1,1,1,1,1.09626781902489,1,1.15835501599039
Gene580,Gene580,0.633403369112741,41.9380444239242,43.6828848332154,1,1,1,1,1,0.78748937827252,1,1,1,1
Gene581,Gene581,1.14479592359466,1,1.14479592359466,1,1,1,1,1,1,1,1,1,1
Gene582,Gene582,0.431695306992044,1,0.431695306992044,1.20987070580729,0.731837962675713,1,1,1,1,1,1,0.945563288920855,1
Gene583,Gene583,3.84423959444352,1,3.84423959444352,1,1,1,0.835331448151523,1,1,1,1,1,1
Gene584,Gene584,0.21689929473383,1,0.21689929473383,1,1,1,1,1,1,1,1,1,1
Gene585,Gene585,1.0232078189619,1,1.0232078189619,1,1,1,1,1,1,1,1,1,1
Gene586,Gene586,0.764023910976806,1,0.764023910976806,1,1,0.602305349212342,1,1,1,1,1.53992813328753,1,1
Gene587,Gene587,0.41609053076595,1,0.41609053076595,1,1,1,1,1,1,1,1,1,1
Gene588,Gene588,1.28396358704131,1,1.28396358704131,1,1,1,1,1,1,1,1,1,0.227668037122204
Gene589,Gene589,1.49925087861847,1,1.49925087861847,1,1,1,1,1,0.78848034244107,1,1,1,1
Gene590,Gene590,2.6488125793745,1,2.6488125793745,1,1,1,1,1,1,1,1,1,1
Gene591,Gene591,0.998281410299407,1,0.998281410299407,1,1,1,1,1,1,1,1,1,1
Gene592,Gene592,1.18855349385129,48.1626907206756,50.1665087370849,1,1,1,1,1,1,1.01587738147021,1,0.687603034330559,1
Gene593,Gene593,0.0142176464965312,1,0.0142176464965312,1,1,1,1,1,1,1,1,1,1
Gene594,Gene594,0.550386587975148,1,0.550386587975148,1,1,1,1,1,1,8.88965919247158e-05,1,1,1
Gene595,Gene595,0.605877134287351,1,0.605877134287351,1,1.91415560282394,1,1,1,0.387306545482147,1,1,1,1
Gene596,Gene596,3.31938499617592,1,3.31938499617592,1,1,1,0.998917567801298,1.76829387783853,1,1,75.9937815922358,1,1
Gene597,Gene597,1.5407666678954,1,1.5407666678954,1,1,1,1,1,1,1,1,1,1
Gene598,Gene598,2.27886942003001,34.9401180475909,36.3938083832343,1,1,1,1,1,1,1,1,1,1
Gene599,Gene599,8.71213615128623,1,8.71213615128623,1,1,1,1,1,1,1,1,1,1
Gene600,Gene600,1.75325823316469,1,1.75325823316469,1.84454699377741,1,0.849870911953968,1,0.747131622247096,1,1,1,1,1
Gene601,Gene601,7.27558979392583,1,7.27558979392583,1.11148476221163,0.013699585095546,1,0.395627822287108,1,1,1,1,1,1
Gene602,Gene602,0.609998693799563,64.3132424267259,66.9890072550611,1,1,1629.25658816091,1,1,1,1,1,1,1
Gene603,Gene603,1.03364846461265,1,1.03364846461265,1,1,1,1,1,1,1,1,1,1
Gene604,Gene604,3.34242718160962,79.9458338441367,83.2719956469068,1,1,1,1,1,1,2.6507666925992e-06,1,1,1
Gene605,Gene605,1.46881984350101,1,1.46881984350101,1,0.7230611360612,0.546940688270964,1,1,1,1,1.23828216515421,1,1
Gene606,Gene606,2.23984849567928,1,2.23984849567928,1,1,1,1,1,1,1,1,1,1
Gene607,Gene607,1.59004719287506,1,1.59004719287506,1,1.65196019137684,1,1,1,1,1,1,1,1
Gene608,Gene608,7.22895306014612,1,7.22895306014612,1,1,1,1,1,1,1,1,1,1
Gene609,Gene609,1.64884133097319,1,1.64884133097319,1,1,1,1,1,1.04511252666007,1,1,1,1
Gene610,Gene610,0.186502007430487,1,0.186502007430487,1,1,1,1,0.567089366812092,1,1,1,1,1
Gene611,Gene611,6.8550073288725,1,6.8550073288725,1,1,1,1,1,1,1,1,0.833468653265804,1
Gene612,Gene612,1.673314254735,1,1.673314254735,1,1,1,1,1,1,1,1,1,1
Gene613,Gene613,0.253685145805016,1,0.253685145805016,1,1,1,1,1,1,1,0.000635219374366817,1,1
Gene614,Gene614,2.70510405909609,1,2.70510405909609,1,1,1,1,1,1,1,1,1,1
Gene615,Gene615,5.09230449083609,1,5.09230449083609,1,1,1,1,1,1.74079859574959,1,1,1,1
Gene616,Gene616,4.57819516420477,1,4.57819516420477,1,1,1,1,1,1,1,1,1,1
Gene617,Gene617,2.22044626074063,1,2.22044626074063,1,1,1,1,0.998940700814846,1,1,1,1,1
Gene618,Gene618,4.41265327731911,1,4.41265327731911,1,1,1,1,1,1,1,1,1,1
Gene619,Gene619,3.10227338334879,1,3.10227338334879,1,1,1,1,1,1,1,1,1.96248675424703,1
Gene620,Gene620,0.908715759823168,1,0.908715759823168,1,1,0.0636886301734113,1,1,1,1,1,1,1.36743712491541
Gene621,Gene621,0.0505857146618287,1,0.0505857146618287,1,1,1,1,1,1,1,1,1,1
Gene622,Gene622,4.82150545476406,1,4.82150545476406,1,1,1,1,1,1,1.60920072427083,1,1,1
Gene623,Gene623,0.564694698526866,1,0.564694698526866,0.226743229829355,1,1,1,1,1,1,1,1,1
Gene624,Gene624,0.0476646075094555,1,0.0476646075094555,1,1,1,1.19393049516204,1,1,0.0906228305754043,1,1,1
Gene625,Gene625,1.51184018284847,1,1.51184018284847,1,1,1,1,1,1,1,1,1,1
Gene626,Gene626,3.2183551892117,1,3.2183551892117,1,1,1,0.0307803241841167,1,1,1,1,1,1
Gene627,Gene627,0.678834675821826,1,0.678834675821826,7.59197168272142,1,1,1,1,1,1,1,1,1
Gene628,Gene628,0.50213022154059,1,0.50213022154059,1,1,1,1,1,1,1,0.707455969394536,3.03359733025682,1
Gene629,Gene629,2.00126456567252,1,2.00126456567252,1,1,1,1,1,1,1,1,1,1
Gene630,Gene630,1.21300395823818,1,1.21300395823818,1,1,1,1,1,1,1,1,12.7289594611064,1
Gene631,Gene631,0.450842662977677,1,0.450842662977677,1,1,1,1,1,1,1,1,1,1
Gene632,Gene632,0.573003066335638,1,0.573003066335638,1,1,1,1,1,1,1,1,1,1
Gene633,Gene633,1.012431387591,82.6173607116717,86.0546719039045,1,1,1.87361470663582,1,1,1,1,1,1,1
Gene634,Gene634,1.43399844883852,1,1.43399844883852,1,1,1,1,1,6.18912537963529,1,1,1,1
Gene635,Gene635,9.04365378414732,1,9.04365378414732,1,0.573215632402416,1,1,1,1,1,1,1,1
Gene636,Gene636,0.298859167229681,1,0.298859167229681,1,1,1,1,1.97894329808182,1,1,1,1,1
Gene637,Gene637,0.61450435687286,1,0.61450435687286,1,1,1,1,1,1,1,1,1,1
Gene638,Gene638,1.10264124322468,85.5241790221596,89.0824289496215,1,1,1.57677782623396,1,1,1,1,0.222194670681366,1,1
Gene639,Gene639,2.23246142817502,1,2.23246142817502,1.06327526809983,1,1,1,1,1,1,1.6482499166195,1,1
Gene640,Gene640,0.642425193957451,1,0.642425193957451,1,0.0168824840240542,1,1,2.22447053987448,1,1,1,1,1
Gene641,Gene641,0.236446052199874,1,0.236446052199874,2.29542103292113,1,1,1,1,1,1,1,1,1
Gene642,Gene642,0.965001514746153,1,0.965001514746153,1,1,1,1,1,1,1,1,1.38674616144207,1
Gene643,Gene643,8.83136059187704,47.4021079260405,49.3742817489038,1,1,1,1,1,1,1,1,1,1
Gene644,Gene644,2.62316014520754,1,2.62316014520754,1,0.981806912296988,0.4439049814555,1,1,1,1,1,1,1
Gene645,Gene645,0.327168986157286,1,0.327168986157286,1,1,1,1,1,1,1,1,1,1
Gene646,Gene646,0.267251110211745,1,0.267251110211745,1,1,1,1,1,1,0.780462713389489,1,1,1
Gene647,Gene647,1.5197312401891,1,1.5197312401891,1,1,1,1,1,1,1,1,1,1
Gene648,Gene648,0.245526708580123,1,0.245526708580123,1,1.21737797079635,1,1,1,1,1,1,1,1
Gene649,Gene649,15.4775668664878,1,15.4775668664878,1,1,1.41612304999311,1,1,1,1,0.787257924620963,1,1
Gene650,Gene650,1.92922163900367,1,1.92922163900367,1,1.00489469958203,1,1,1,1,1,1,0.798116488065754,1
Gene651,Gene651,6.92917141746536,1,6.92917141746536,1,1,1,1,1,1,1,1,1,1
Gene652,Gene652,2.38634111588597,1,2.38634111588597,1,1,1,1,1,1,1,1,1,1
Gene653,Gene653,1.25585235735923,1,1.25585235735923,1,1,0.86152523264334,1,1,1,1,1,1,1
Gene654,Gene654,0.235051914482485,1,0.235051914482485,1,1,1,1,1,1,1,1,1,1
Gene655,Gene655,3.74367800119168,20.3646169817292,21.2118907904523,1,0.479296519305875,1,1,1,1.05607915768613,1,1,1,1
Gene656,Gene656,0.137046012927018,1,0.137046012927018,1,0.807460736321233,1,1,1.75224601017015,1,1,1,1,1
Gene657,Gene657,0.0292529173075474,1,0.0292529173075474,1,1,1,1,1,1,1,1,1,0.589168019010099
Gene658,Gene658,0.0331203477099266,1,0.0331203477099266,2.53095921200623,1,1,0.609467997011117,1,1,1,1,1,1
Gene659,Gene659,3.83266287740812,1,3.83266287740812,1,1,1,1,1,1,1,23.6053201091982,1,0.429761936850989
Gene660,Gene660,0.256498535580695,1,0.256498535580695,1,1,1,1,1,1,1,1,1,1
Gene661,Gene661,2.08352631688369,1,2.08352631688369,1,1,1,1,1,1,1,1,1,1
Gene662,Gene662,0.949377199742681,1,0.949377199742681,1,1,1,1,1,1,0.928110463862848,1,1,1
Gene663,Gene663,1.92462082243092,1,1.92462082243092,1,1,1,1,1,1,1,1,1,1
Gene664,Gene664,1.83594112478667,1,1.83594112478667,1,1,1.2846380635068,1,1,1,1,1,1,1
Gene665,Gene665,1.05191795267806,1,1.05191795267806,1,1,1,1,1,1.15265019332159,1,1,1,1
Gene666,Gene666,0.0283837377095432,1,0.0283837377095432,1,1,1,1,1,1,1,1,1,1
Gene667,Gene667,0.660740207336482,1,0.660740207336482,1,1,1,1,1,1,1,1,1,1.04262628313287
Gene668,Gene668,0.892490006360926,1,0.892490006360926,1,1,1,1,1,1,1,1,1,1
Gene669,Gene669,0.374268646157152,1,0.374268646157152,1,1,1,442679418.245855,1,1,1,1,1,1
Gene670,Gene670,0.289933211363207,1,0.289933211363207,0.384024987375521,1,1,1,1,1,1,1,1,1
Gene671,Gene671,1.77442661656939,1,1.77442661656939,1,0.65262359759816,1,1,1,1,1,1,1,1
Gene672,Gene672,2.51611689611137,89.1073704685006,92.8146997656776,1,1,1,3.67480390590266,1,1,0.551862979597356,1,1,1
Gene673,Gene673,0.0593079260887225,1,0.0593079260887225,1,0.665043190943194,1,1,1,1,1,1,1,1
Gene674,Gene674,6.25425480726362,1,6.25425480726362,1,0.733807961334627,1,1.20521065453323,1,1,1,1,1,1
Gene675,Gene675,0.786169062347064,1,0.786169062347064,1,1,1,1,1,1,1,1.69137834718098,1,1
Gene676,Gene676,0.56568375522098,1,0.56568375522098,1,1,1,1,1,1,1,1,1,1
Gene677,Gene677,3.49848226178802,1,3.49848226178802,1,1,3.39642033344906,1,1,1,1,1,2.69905638965793,1
Gene678,Gene678,0.974214098413212,1,0.974214098413212,1,1,1,1,1,1,1,1,1,1
Gene679,Gene679,0.643540631440843,1,0.643540631440843,1,1,1,1,1,1,1,1,1,1
Gene680,Gene680,1.00291836022751,1,1.00291836022751,1,1,1,1,1,1,1,1.46348932434993,1,1.27307502242142
Gene681,Gene681,7.40197360235866,1,7.40197360235866,1,1,1,1,1,1,1,1,1,1
Gene682,Gene682,2.87662105358034,1,2.87662105358034,0.908695996507435,1.65433239011829,1.07212519048133,1,1,1,1,1,1,0.853182963104598
Gene683,Gene683,0.496325128851116,1,0.496325128851116,1,1,1.07360481526739e-154,1,1,1,1,1,1,0.0183680623879614
Gene684,Gene684,1.63247288983737,1,1.63247288983737,1,1,1,1,1,1,1.24730899665922,1,1,1
Gene685,Gene685,0.37824422147564,1,0.37824422147564,1,1,1,1,1,1,1,1,1,1
Gene686,Gene686,0.167293593228994,1,0.167293593228994,1,1,1,0.00120845770925137,1.54466866265443,1,1,0.0245962535455359,1,0.552797245199092
Gene687,Gene687,1.40357220791715,1,1.40357220791715,0.950829221521254,1,1,1.05678432474739,1,1,1,1,1,1
Gene688,Gene688,2.81394328390569,1,2.81394328390569,1.02318305757558,1,1,1,1,1,1,1,1,1
Gene689,Gene689,2.10584495087136,1,2.10584495087136,1,0.758676997040116,1,1,1,1,1,0.505458931161489,1,1
Gene690,Gene690,1.50450490830866,1,1.50450490830866,1,1,1,1,1,1,1,1,1,1
Gene691,Gene691,3.14531133709801,1,3.14531133709801,1,0.8681949651422,1,1,1,1,1,1,1,1
Gene692,Gene692,0.678206936488329,1,0.678206936488329,0.790386450162657,1,1,1,1,1,1,1,1,1
Gene693,Gene693,3.70526934532511,1,3.70526934532511,1,1,1,1,0.794673175070668,1,1,1,1,1
Gene694,Gene694,1.07908193980913,1,1.07908193980913,1,1,1.09782574762574,1,1,1,1.56469258021565,1,1.38708690151971,1
Gene695,Gene695,0.915915302456125,1,0.915915302456125,1,1,1,1,1,1,2.24106613745876,1,1,1
Gene696,Gene696,8.88940091005013,1,8.88940091005013,1.38654339047723,1.68403216776638,1,1,1,1,1,1,1,1
Gene697,Gene697,0.113465442795147,1,0.113465442795147,1.48239752614732,1,4.91122726178977,0.82629208931456,1,1,1,4.85781137411793,1,1
Gene698,Gene698,1.69618662041275,1,1.69618662041275,1,1,1,1,1,1,1,1,1,1
Gene699,Gene699,1.79058896789029,1,1.79058896789029,1,1,1,1,1,1,1,0.741604799708976,1,1
Gene700,Gene700,10.9879908290626,1,10.9879908290626,0.559286716417576,1,1,1,1,1,1,1,0.411977387901319,1
Gene701,Gene701,2.31585890624234,1,2.31585890624234,1,1,1,0.715363748959926,1,1,1,1.96348902778676,1,1.27339983401884
Gene702,Gene702,2.59677277371764,1,2.59677277371764,1,1,1,1,1,1,1,1,0.854190294094589,1
Gene703,Gene703,0.081368830263981,1,0.081368830263981,1,1,1.37621264454386,1,1,1,1,1,1,1
Gene704,Gene704,0.0321547318661583,1,0.0321547318661583,0.164820399402566,1,1,1,1,1,1,2.23413365506507,1,1
Gene705,Gene705,0.873664198246646,1,0.873664198246646,1,1.00196880371921,1,1,1,1,0.831391371152093,1,1,1
Gene706,Gene706,2.51841265895172,1,2.51841265895172,1,1,1,1,1,1,1,1,1,1
Gene707,Gene707,3.68576890879791,1,3.68576890879791,1,1.30965751466679,1,1,1,1,1,1,1,1
Gene708,Gene708,0.323851337852116,1,0.323851337852116,1,1,1,1,1,1,1,1,1,1
Gene709,Gene709,0.023439693085002,1,0.023439693085002,1,1,1.64072147996956,1,1,1,1,1,1,1
Gene710,Gene710,2.85800456328058,1,2.85800456328058,1,1,1,1,1,1,1,1,1,1
Gene711,Gene711,0.0835342199508056,1,0.0835342199508056,1,1,1,1,1,1,0.000520197695906712,1,1,1
Gene712,Gene712,1.07664710319351,1,1.07664710319351,1,1,1.64970734595903,1,1,1,1,0.875181195498091,1,1
Gene713,Gene713,4.3350187873922,55.3715230497315,57.6752659225408,1,1,1.03377528945902,1,1,1,1,1,1,1
Gene714,Gene714,1.64166949773646,1,1.64166949773646,1,1,1,1,1,1,0.663371431785287,1,1,1
Gene715,Gene715,1.20419050934768,1,1.20419050934768,1,1,1,1,1,1,1,1,1,1
Gene716,Gene716,0.231940309655566,1,0.231940309655566,1,1,1,1,1,1,0.859034556430158,1,0.612775440284046,0.652752898551673
Gene717,Gene717,2.7110245912198,1,2.7110245912198,1,1,0.922428341072516,1,1,1,1,1,1,1
Gene718,Gene718,0.962655789589165,77.9315640483741,81.1739217686426,1,1,1,1,1,1,0.865050338547133,1,1,1.04532042562388
Gene719,Gene719,0.435654091730552,1,0.435654091730552,1,1,1,1,1,1,1,1,1,1
Gene720,Gene720,1.81408091808918,1,1.81408091808918,89.4401002663695,1,1,1,0.453541814439366,1,1,1,1,1
Gene721,Gene721,1.36728182251622,1,1.36728182251622,0.20504471649814,1,1,1,1,1,1,0.88273067168363,1,1
Gene722,Gene722,4.28432798250634,1,4.28432798250634,1,0.772029123354305,1,1,1,1,1,0.587868484646533,1,1
Gene723,Gene723,3.6663824631255,1,3.6663824631255,1,1,1,2.26012304669074,1,1,1,1,1,1
Gene724,Gene724,1.16587947673523,1,1.16587947673523,1,1,1,1,1,1,1,1,1.31388176670681,1
Gene725,Gene725,9.7677310298917,1,9.7677310298917,1,1,1,1,1,1,1,1,1,1
Gene726,Gene726,0.394011067719526,1,0.394011067719526,1,1,1,1.45500744146261,1,1,1,1,1,1
Gene727,Gene727,0.319577744258647,1,0.319577744258647,1,1,1,1,1,1,1,1,1,1
Gene728,Gene728,2.49566104583936,1,2.49566104583936,1,1,1,1,1,1,1,1,1.34435769508846,1
Gene729,Gene729,4.69465675062039,1,4.69465675062039,1,1,1,1.09582520033552,1,1,1,1,1,1
Gene730,Gene730,0.0574050089904848,1,0.0574050089904848,1,1,1,1,1,1,1,1,1,1
Gene731,Gene731,7.50375251368973,1,7.50375251368973,1,1,1,1,1,1,1,1,1,1
Gene732,Gene732,0.197758168449472,1,0.197758168449472,1,1,1,6780099095.87799,1,1,1,1,1,1
Gene733,Gene733,5.83240190976135,1,5.83240190976135,0.621256497407008,1,1,1,1,1,1,1,1,1
Gene734,Gene734,0.0015359317373842,1,0.0015359317373842,1,0.0179072723880501,1,1,1,1,0.987221201307135,0.669479352788835,1,1
Gene735,Gene735,2.9699126693667,1,2.9699126693667,1,1,1,1,1,1,1,1,1,1
Gene736,Gene736,9.51502308751954,1,9.51502308751954,1,1,1,1,1,1,1,1,1,1
Gene737,Gene737,1.38167563906563,1,1.38167563906563,0.666650159647541,1,1,1,1,1,1,1,1,1
Gene738,Gene738,0.350769819324079,1,0.350769819324079,1,1,1.96397471988436,1,1,1,1,1,1,1
Gene739,Gene739,0.357535112872828,1,0.357535112872828,1,1,1,0.758816263384884,1,1,1,0.971733243241172,1.20241321776159,1
Gene740,Gene740,0.561028404061611,1,0.561028404061611,1,1,1,1,1,1,1.33835393728763,1,1,1
Gene741,Gene741,0.102421394959105,1,0.102421394959105,1,1,1,1,1,1,1,1,1,1
Gene742,Gene742,0.613670816114389,1,0.613670816114389,1,1,1,1,1,1,1,1,1,1
Gene743,Gene743,0.9914432585586,1,0.9914432585586,1,1,1,0.632896943028064,1,1,1,1,0.260229408515285,1
Gene744,Gene744,2.17407267621406,1,2.17407267621406,1,0.642751679516304,1,2.95550878954689,1,1,1,1,1,1
Gene745,Gene745,1.62708602524439,1,1.62708602524439,1,1,1,1,1,1,1,1,1,1
Gene746,Gene746,0.013436963406123,1,0.013436963406123,1,1,1,1,1,1,1,1,1,1
Gene747,Gene747,0.74875750208991,1,0.74875750208991,1,0.726533329080427,1,1,1,1,1,1,1.70609056479127,1
Gene748,Gene748,0.160426019559855,1,0.160426019559855,1,1,1,1.06428876981322,1,1,1,1,1,0.762845930263595
Gene749,Gene749,0.0927286255631005,1,0.0927286255631005,1,2.28335771650828,1,1,1,1,0.815299837550887,1,1,1
Gene750,Gene750,0.00564092663232228,1,0.00564092663232228,1,1,1,1,0.802763967701439,0.843376367310632,1,1,1,1
Gene751,Gene751,1.48362404360917,1,1.48362404360917,1,1,1,1,1,1,1,0.759795525838338,1,1
Gene752,Gene752,1.83320080792021,1,1.83320080792021,1,1,1,1,1,1,1,1,1,1
Gene753,Gene753,0.607435282019021,1,0.607435282019021,1,1,1,1,1,1,1,1,1,1
Gene754,Gene754,0.390763839737005,1,0.390763839737005,1,1,1,1,1,1,1,1,1,1
Gene755,Gene755,6.55162933548461,1,6.55162933548461,1,1,1,1,1,1,1.45180661651645,1,1,1
Gene756,Gene756,0.438510626391285,1,0.438510626391285,1,1,1,0.18613262276286,1,1,1,1,1,1
Gene757,Gene757,1.8526939534351,1,1.8526939534351,1,23628.6734753328,1,1.25928995316945,1,1,1,1,1,1
Gene758,Gene758,2.05683726209156,1,2.05683726209156,1,1,1,1,1,1,1,1,0.136929406524148,1.24261218982207
Gene759,Gene759,0.198314723821699,1,0.198314723821699,1,1,1,0.995780801442257,1,1,1,1,1,1
Gene760,Gene760,1.25132124858304,1,1.25132124858304,1,1,1,1,1,1,1,1,1,1
Gene761,Gene761,2.09920549566051,1,2.09920549566051,1,1,1.20013254440065,1,1,1,1,1,0.619105327909281,1
Gene762,Gene762,1.96679760789425,1,1.96679760789425,1,1,0.891260558599254,1,1.21197389248898,1,1,1,1,1
Gene763,Gene763,1.7133076819744,1,1.7133076819744,1,1,1,0.928248971023764,1,1,1,1,1,1
Gene764,Gene764,0.264964820667766,1,0.264964820667766,1,1,1,1,1,1,1,1,1,1
Gene765,Gene765,0.0203998990612386,1,0.0203998990612386,1,1,1,1,1,1,1,1,1,1
Gene766,Gene766,0.240959392572026,1,0.240959392572026,1,1,1,1,1,1,1,1,1,1
Gene767,Gene767,6.77712411316216,1,6.77712411316216,1,1,1,1,1,1,1,1,4.2151111554451,1
Gene768,Gene768,0.310585602021302,1,0.310585602021302,1,0.224535386735755,1,1,1,1,1,1,1,1
Gene769,Gene769,0.819926255827816,1,0.819926255827816,1,1,1,1,1,1,1,1,1,1
Gene770,Gene770,10.3007033366831,1,10.3007033366831,1,1,1,1,1,1,1,0.766833409265173,1,1
Gene771,Gene771,0.172262068832236,1,0.172262068832236,1,1,1,1,1,1,1,0.984371625463514,1,1
Gene772,Gene772,3.35056328556084,1,3.35056328556084,1,1,1,1,1,1,1,1,1,1
Gene773,Gene773,3.58536316874477,1,3.58536316874477,1,1,0.689624961370806,1,1,1,1,1,1,1
Gene774,Gene774,0.348004028909418,1,0.348004028909418,1,1,1,1,1,1,0.995473201084254,1,1,1
Gene775,Gene775,2.49893852089,1,2.49893852089,1,1,1,1,1,1,1,1,1,1
Gene776,Gene776,0.453856575652806,1,0.453856575652806,1,1,1.9006502081895,1,1,1,1,1,1,1
Gene777,Gene777,0.148529734678493,1,0.148529734678493,1,1,1,1,1,1,1,1,1,1.94768871823222
Gene778,Gene778,0.971700373441909,1,0.971700373441909,1,1,1,1,1,1,12.4154771016518,1,1,1
Gene779,Gene779,4.24312246290328,1,4.24312246290328,1,1,1,1,1,1,1,1,1,0.755069857547041
Gene780,Gene780,2.35456715514124,1,2.35456715514124,1,1,322024.857603699,1,1,1,1,1,1,3.57179021383611
Gene781,Gene781,0.680824810301077,1,0.680824810301077,1,1,1,1,1.17739549198904,1.40847214684759,1,1,1,1
Gene782,Gene782,0.864644990772984,1,0.864644990772984,1,1,1,1,1,0.32699172367206,1,1,1,1
Gene783,Gene783,0.446318268527935,1,0.446318268527935,1,1,1,1,1,1,1,1,1,1
Gene784,Gene784,0.0431837722060069,1,0.0431837722060069,1,1,1.12961290220413,1,1,1,1,1,1,0.811325824977866
Gene785,Gene785,7.69497858363769,1,7.69497858363769,1,1,1,1,1,1,1,1,0.96431848858262,1
Gene786,Gene786,0.256871787906748,1,0.256871787906748,1,1,1,0.610369195859946,1,0.72788049023436,1,1,1,1
Gene787,Gene787,3.23796629192129,1,3.23796629192129,0.712191398290475,1,1,1,1,1,1,1,1,1
Gene788,Gene788,0.263932466502422,1,0.263932466502422,1,2.66956686876734,1,1,1,1,2.12209186630039,1,1,1
Gene789,Gene789,5.35468978000757,1,5.35468978000757,0.458810382325904,1,1,1,0.952457754484961,1,1,1,1,1
Gene790,Gene790,2.79670378210991,1,2.79670378210991,1,5.50737594901617,1,1,1,1,1,1,1,1.6382221627887
Gene791,Gene791,6.01604297791469,1,6.01604297791469,1,1,1,1,1,1,1,1.10622440579549,0.743429905040464,1
Gene792,Gene792,0.634463284748016,1,0.634463284748016,54.4423052487023,1,1,1,1,1,1,1.0686106598662,1,1
Gene793,Gene793,0.359348399725921,1,0.359348399725921,1,1,1,1,1,1,1,1,1,1
Gene794,Gene794,5.93692875800185,1,5.93692875800185,1,1,1,1,1,1,1,1,1,1
Gene795,Gene795,3.35258995151613,1,3.35258995151613,18.8217268641586,1,1,1,1,1,1,1,1,1
Gene796,Gene796,0.0205415530565879,1,0.0205415530565879,1,1,1,1,1,1,1,1,1,1.47290077598011
Gene797,Gene797,0.0450276150376381,1,0.0450276150376381,1,0.883079085060805,1,1,1.54841968738308,1,1,1,1,1
Gene798,Gene798,0.336694746995886,1,0.336694746995886,1,1,1,1,1,1,1,1,1,1
Gene799,Gene799,0.700108461770747,1,0.700108461770747,1,1,1,0.00213247141910596,1,1,1,1,1,1
Gene800,Gene800,4.836670407648,1,4.836670407648,1,0.696146013795128,1,1,1,0.870228502799301,1,1,1,1
Gene801,Gene801,0.0784879056646908,1,0.0784879056646908,1,1,1,1,0.577574041385563,1,1,1,1,1
Gene802,Gene802,2.15268739402787,1,2.15268739402787,1,1,1,1.73885175748806,1,1,1,1,1,1
Gene803,Gene803,5.7606466851007,1,5.7606466851007,1,1,1,1,1,1,1,1,1,1
Gene804,Gene804,4.44420123609941,47.3131389069953,49.281611156699,1.34062438527016,1,1,0.788214530552836,5.47043653969541,1,1,1,1,1
Gene805,Gene805,0.240015669923168,1,0.240015669923168,1,1,1,1,1,1,1,1,1,1
Gene806,Gene806,1.86950705810458,1,1.86950705810458,1,1,1,1,1,1,1,1,1,1
Gene807,Gene807,1.79097025922794,1,1.79097025922794,1,1,1,1.62879625526442,0.908853203440645,1,1,1,1,1
Gene808,Gene808,0.018705189375788,1,0.018705189375788,1,1,1,1.80439221057621,1,0.89834301752405,1,1,1,1
Gene809,Gene809,0.932522238831907,1,0.932522238831907,1,1,1,1,1,1,1,1,1,1
Gene810,Gene810,0.112738396411092,1,0.112738396411092,1,1,1,1,1.83469128618153,1,1,1,1,1
Gene811,Gene811,0.172185001904656,1,0.172185001904656,1,1,1,1,1,1,1,1,1,1.5780976716706
Gene812,Gene812,1.77499002982706,1,1.77499002982706,3.06037456511706,1,1,1,1,1,1,1,1,1
Gene813,Gene813,1.19679066689706,1,1.19679066689706,1,1,1,1,1,1,1,1,1,1
Gene814,Gene814,3.87058367481634,1,3.87058367481634,1,1,1,1,1,1,1,1,1,1
Gene815,Gene815,1.11135634395164,1,1.11135634395164,1,1,1,1,1,1,1,1,5.33388779496012,0.829824577683968
Gene816,Gene816,1.93263973715898,1,1.93263973715898,1,1,1,1,0.98204736152254,1,1,1,1,1
Gene817,Gene817,0.169908683834127,1,0.169908683834127,1,1.1381633761801,1,1,1,1,1,1,1,1
Gene818,Gene818,0.753423791388585,28.8646820617249,30.0656027139505,1,1,1,1,1,0.861347443069365,1.43327196124381,1,1,1
Gene819,Gene819,5.48475882882762,1,5.48475882882762,1,1,1,1,1,1.2856861554185,1,1.03082089434739,1,1
Gene820,Gene820,0.503233837801915,1,0.503233837801915,1,1,1,1,1,1,1,1,1,1
Gene821,Gene821,9.27808444825841,1,9.27808444825841,1,1.92967832371103,1,1,1,1,1,1,1,1
Gene822,Gene822,0.283288424543462,1,0.283288424543462,1,5.78877481983558,1,1,1,1,1,1,1,1
Gene823,Gene823,0.810471811339644,1,0.810471811339644,1,1,1,0.436476976398199,1,1,1,1,1,1
Gene824,Gene824,0.576338845429677,1,0.576338845429677,1,1,1,1,1,1,1,1,1,1
Gene825,Gene825,3.39627105193536,1,3.39627105193536,1,1,0.931429546829968,1,1,1,1,1,1,1.23975267351483
Gene826,Gene826,0.75773723209607,111.444582254949,116.081255547328,1,1,1,1,1,1,1,1.18631088526829,1,1
Gene827,Gene827,0.245733499167007,1,0.245733499167007,0.620323619154536,1,1,1,1,1,1,1,0.753129090404464,1
Gene828,Gene828,0.715989319364054,1,0.715989319364054,1,0.865577254477017,1,1,1,1,1,1,1,10.8436763241049
Gene829,Gene829,3.70219768347262,1,3.70219768347262,1,1,1,1,1,1,1,1,1,1.27327689312998
Gene830,Gene830,0.47666968622898,1,0.47666968622898,1,1,1,1,1,1,1,1,1,1
Gene831,Gene831,2.72404111178717,1,2.72404111178717,1,1,1,1,1,1,1,1,1,0.658420394514744
Gene832,Gene832,0.41875534345051,1,0.41875534345051,1,1,1,1,1,1,1,1,1,1
Gene833,Gene833,0.608476717011032,1,0.608476717011032,1,1,1,1.32497469681841,1,1,1,1,1,1
Gene834,Gene834,6.17396471573997,1,6.17396471573997,1,0.859765408369773,1,1,0.13840858365521,1,1,1,3.14047719433431,1
Gene835,Gene835,1.53764602784572,1,1.53764602784572,1,0.81586887908944,1,1,1,1,1,1,1,1
Gene836,Gene836,2.94929779516441,1,2.94929779516441,0.960082070477195,1,1,2.19362654049654,0.283805498221578,1,1,1,1,1
Gene837,Gene837,1.67829829216651,1,1.67829829216651,1,3.75840514260734,1,1.47044533987142,1,1,1,1,1,1
Gene838,Gene838,1.9043926829958,1,1.9043926829958,1,1,1,1,1,1,1,1.27845655934721,1,0.626475797669923
Gene839,Gene839,4.03011663171403,1,4.03011663171403,0.93083882495284,1,1,1,1,1,1,1,1,1
Gene840,Gene840,6.75683786186932,1,6.75683786186932,1,1,1,1,1,1,1,1,1,1
Gene841,Gene841,0.0377140059283783,1,0.0377140059283783,1,1,0.0528099708004936,1,1,1,1,1.35005883894395,1,1
Gene842,Gene842,1.49388462982317,1,1.49388462982317,1,1,1,1,1,1,0.44135170972044,1,1,1
Gene843,Gene843,0.0282727605840853,1,0.0282727605840853,1,1,0.88986648306342,1,0.865784927654238,1,1,1,1,1
Gene844,Gene844,4.36158228115939,1,4.36158228115939,1,2.05170485790992,1,1,1,0.291715159990967,1,1,1,1
Gene845,Gene845,0.419775712173115,1,0.419775712173115,1,1,1,59.6245548287447,1,1,0.536881558444511,1,1,1
Gene846,Gene846,0.434412078893565,1,0.434412078893565,1,1,1.1376070723795,2.27526116537528,1,1,1,1,1,1
Gene847,Gene847,0.0488513654703773,1,0.0488513654703773,1,1,1,1,1,1,1,1.53324861617742,1,1.4535877263415
Gene848,Gene848,0.130233439594421,1,0.130233439594421,0.782657307085583,0.088373699978648,1,1,1,4.25938681630376,1,1,1,1
Gene849,Gene849,1.98410996533343,1,1.98410996533343,1,1,1,1,1,1,2.99047291536896,1.96767151966902,0.7217974061717,1
Gene850,Gene850,0.0468038331640708,51.7936283980026,53.948512275256,1,1,1,1,1,1,1,1,1,1
Gene851,Gene851,1.05781299574046,1,1.05781299574046,1,1,1,1,0.778263217288287,1,1,0.793728046445438,1,1
Gene852,Gene852,0.148198699570052,1,0.148198699570052,1,1,0.726090351079927,1,1,1,0.309606855349266,1,1,1
Gene853,Gene853,0.163080216983115,1,0.163080216983115,0.755582209610855,1,1,1,1,1,1,1,1,1
Gene854,Gene854,0.0270650918933156,1,0.0270650918933156,0.370959933477508,1,1,1,1,1,1,1,1,1
Gene855,Gene855,3.99592207397598,1,3.99592207397598,1,1,1.83888038939336,1,1,1,1,1,1,1
Gene856,Gene856,0.499896960356596,1,0.499896960356596,1,1,1,1,1,1,1,1,1,1
Gene857,Gene857,6.46249621811816,1,6.46249621811816,1,1,1,1,1,1,1,1,1,1
Gene858,Gene858,4.66554218203223,1,4.66554218203223,0.588635319366191,1,1,0.897543961721454,1.23527252277085,1,1,1,0.997458270405004,0.897789357171533
Gene859,Gene859,0.584873057526517,1,0.584873057526517,1,1,1,1.30501215568252,1,1,1,1,1,1
Gene860,Gene860,10.1394017479027,1,10.1394017479027,1,1,1,1,1,1,1,1,1,1
Gene861,Gene861,0.295960283869272,1,0.295960283869272,1,1,1,1,1,1,1,1,1,1
Gene862,Gene862,6.41394186291234,1,6.41394186291234,1,1.35804969129062,1,1,1,0.558685307852401,1,1,1,1
Gene863,Gene863,4.98474498424859,1,4.98474498424859,1,1,1,1,1,1,1,1,1,1
Gene864,Gene864,2.3333810539293,1,2.3333810539293,1,1,1,1,1.38272869429301,1,1,1.25651672818517,1,1
Gene865,Gene865,0.962914619973828,1,0.962914619973828,1,1,2.11072026156872,1,1,1,1,1,1,1
Gene866,Gene866,4.01763911262109,1,4.01763911262109,1,1,1,1,1,1.14715778633075,0.426613487882709,1,1,1
Gene867,Gene867,0.823047908443856,1,0.823047908443856,1,1,1,1,1,1,1,1,1,1
Gene868,Gene868,16.3116472877133,1,16.3116472877133,1,1,1,1,0.726768905361266,1,1,1,1,1
Gene869,Gene869,0.0383771528817678,117.621397339898,122.515058212623,1,1,2.13997168059898,1,1,1,1,1,1,1
Gene870,Gene870,0.107518618929827,1,0.107518618929827,1,1,1,1,1,1,1,22.0416300942743,1,1
Gene871,Gene871,6.30120419245957,23.5395862462125,24.5189552622116,1.42007085627809,0.620533120026495,1,1,1,1,1,1,1,1
Gene872,Gene872,3.81169128995901,1,3.81169128995901,1,1,1,0.0663920067582248,1,1,1,1,1,1
Gene873,Gene873,0.0337752474146311,1,0.0337752474146311,1,1,1,1,1,1,1,1,1,1
Gene874,Gene874,0.580634402536724,1,0.580634402536724,1,1,0.972040203115544,1,1,0.0365118818777888,1,1,1,1
Gene875,Gene875,0.432575459632519,1,0.432575459632519,1,1,1,1,1,4.41960327277034e+21,1,1,1,1
Gene876,Gene876,0.42402934481192,1,0.42402934481192,1,1,1,1,1,1,1,1,1,1
Gene877,Gene877,8.04319046599385,1,8.04319046599385,1,1,1,1,1,1,1,0.651714548944612,1,1
Gene878,Gene878,0.866432792459833,1,0.866432792459833,1,1,1,0.705194966875323,1,1,1,1,1,1
Gene879,Gene879,0.0159798447217999,1,0.0159798447217999,1,1,1,1,1,1,1,0.204555700953727,1,1
Gene880,Gene880,2.06986760811446,1,2.06986760811446,1,1,1,0.779904657680542,1,1,1,1,1,1
Gene881,Gene881,3.78149649819728,1,3.78149649819728,1,0.975733199436294,1,1,1,1,1,1,1,1
Gene882,Gene882,2.29423258226286,1,2.29423258226286,1,1,1,0.708443099363298,1,1,1,1,1,1
Gene883,Gene883,0.690065553186032,1,0.690065553186032,1,1,1,1,1,1,1,0.872121243060555,1,1
Gene884,Gene884,0.02600285221783,1,0.02600285221783,1,1,1,1,1.32485678499108,0.686157952689205,1,1,1,1.38080651559158
Gene885,Gene885,3.59898981341196,1,3.59898981341196,1,1,1,1,1,0.287061810199715,1,1,1,1
Gene886,Gene886,0.280360702280079,1,0.280360702280079,1,1,1,1,1,1,2199.15087975333,1,1,1
Gene887,Gene887,0.657223745048798,1,0.657223745048798,1,0.404200564851493,1,1,1,1,1,2.34723944917511,1,1
Gene888,Gene888,3.05471986545301,1,3.05471986545301,1,1,1,1,0.829702752001335,1,1,1,1,1
Gene889,Gene889,0.15235374552433,1,0.15235374552433,1,1,1,0.751999296067796,1,1.69244685328072,1,1,1,0.631389549969336
Gene890,Gene890,16.8402809214513,1,16.8402809214513,1,0.846918342241864,1,0.362934474270436,1,1,1,1,1,1
Gene891,Gene891,6.607646507126,1,6.607646507126,1,1,0.292822393933163,1,1,1,0.619013250417861,1,1.866585860814,1
Gene892,Gene892,0.762838649160655,1,0.762838649160655,1,1,1,1,1,1,1,1,1,1
Gene893,Gene893,2.07409344302932,1,2.07409344302932,1,1,1,0.997381454909337,1,1,1,1,1,1
Gene894,Gene894,0.11733951115259,1,0.11733951115259,1,1,1,1,1,1,1,1,1,1
Gene895,Gene895,9.09628276478812,1,9.09628276478812,0.923043527730692,1,1,1,1,1,1,1,1,1
Gene896,Gene896,4.06794697615612,1,4.06794697615612,1,1,1,1,1,1,1,1,1,1.95126050190339
Gene897,Gene897,0.515995216097011,35.1024089588105,36.5628514390483,1,1,1,1,1,1,1,1,1,1
Gene898,Gene898,0.228241868033472,1,0.228241868033472,1,1,1,1,1,0.615374266908723,1,1,1,0.975942496495355
Gene899,Gene899,1.22376051619186,1,1.22376051619186,1,1,1,1,1,1,1,1,1,1
Gene900,Gene900,5.74955237733641,1,5.74955237733641,1,1,1,1,1,1,1,1,1,1
Gene901,Gene901,1.2923624091237,1,1.2923624091237,1,1,1,1,0.510232783971489,1,1,1,1,1
Gene902,Gene902,0.335323498329099,1,0.335323498329099,1,0.000901996490136991,1,1,1,1,1,1,1,1
Gene903,Gene903,7.07676006647507,1,7.07676006647507,1,1,1,1,0.276764680277508,1,1,1,1,1
Gene904,Gene904,0.45366019281005,1,0.45366019281005,1,1,1,1,1,0.362481816575675,1,1,1,1
Gene905,Gene905,0.00319235322818594,1,0.00319235322818594,1,1,1,1,1,1,1,1,1,1
Gene906,Gene906,1.09519583833785,1,1.09519583833785,1,1.38565389310298,1,1,1,1,1,13.3340489745789,1,1
Gene907,Gene907,9.9715730417063,1,9.9715730417063,1,1,1,1,1,1,1,1,1,1
Gene908,Gene908,1.31763254707843,1,1.31763254707843,1,1,1,1,1,1,1,1,1,1
Gene909,Gene909,0.0048689115016042,1,0.0048689115016042,1,1,1,1.00363623252234,1,1,1,1,1,0.408789027786146
Gene910,Gene910,1.89811135694022,1,1.89811135694022,1,1,1,1,1,1,1,1,1,1
Gene911,Gene911,2.84568731015874,1,2.84568731015874,1,1,1,1,1,1,0.993701868058258,1,1,1
Gene912,Gene912,0.487345849853869,1,0.487345849853869,1,1,0.4198906804572,1,1,1,1,1,1,1
Gene913,Gene913,0.000582808571943856,1,0.000582808571943856,1,1,1,1,1,5981.0122764051,1,1,1,1
Gene914,Gene914,1.06040631646163,1,1.06040631646163,1,1,1,1.30191161024442,1,1,1,1,4.01293433835321,1
Gene915,Gene915,1.7173870943601,1,1.7173870943601,1,1,1,1,1,1,0.934889992246189,1,1,1
Gene916,Gene916,0.914254112063076,59.491920959444,61.967093780263,1,1,1,1.13901199983536,1,1,1,1,1,1
Gene917,Gene917,2.30651670096807,1,2.30651670096807,1,1,1,1.47331382992697,1,1,1,0.240363575586663,1,1
Gene918,Gene918,2.0546725531247,1,2.0546725531247,1,1,1,1,1,1,1,1,1,1
Gene919,Gene919,0.0154080018284622,1,0.0154080018284622,1,1,1,0.87644833219854,1,1,1,1,1,1
Gene920,Gene920,5.88168927537172,1,5.88168927537172,1,0.479010303822103,1,1,1,1,1,1,1,1
Gene921,Gene921,3.61778260781343,1,3.61778260781343,1,17.7190533213637,1,1,1,1,1,1,1,1.37921202845748
Gene922,Gene922,0.714790394406775,1,0.714790394406775,1,1,1.21507460968075,1,1,1,1,1,1,1
Gene923,Gene923,2.016014172805,1,2.016014172805,1,1,1,1,1,1,1,0.798895161666064,1,1
Gene924,Gene924,0.251460709222664,1,0.251460709222664,1,1,1,1,1,1,1,1,1,1
Gene925,Gene925,7.21651116354918,1,7.21651116354918,2.86828909742307,0.371676621040701,1,1,1,0.925522907394266,1,1,1,1
Gene926,Gene926,1.80749167540303,1,1.80749167540303,1,1,1,1,1,1,1,1.2703722374378,1.05452822135577,1
Gene927,Gene927,0.186457544954528,1,0.186457544954528,1,1,1,1,1,0.711970908428285,1,1,1,1
Gene928,Gene928,1.12781060528353,1,1.12781060528353,1.78384625153113,1,1,1,1.74528820611632,1,1,1,1,1
Gene929,Gene929,5.61654025814441,1,5.61654025814441,1,1,1,1,1,1,1,1,1,1
Gene930,Gene930,0.150512852211938,37.413868641925,38.9704798471223,1,1,1,1,1,1,1,1,1,1
Gene931,Gene931,0.622427211307656,1,0.622427211307656,1,1,1,1,0.000753728641401906,0.796839301417477,1,1,1,1
Gene932,Gene932,0.782649448560311,104.460429872041,108.806526160419,1,1,1,1,1,1,1,1,1,1
Gene933,Gene933,0.579663519798158,1,0.579663519798158,1,1,1,1.13992186383319,1,1,1,1,1,1
Gene934,Gene934,0.683942522386273,1,0.683942522386273,1,1,1,1,1,1,1,1,1,1
Gene935,Gene935,0.41633256300138,1,0.41633256300138,1,1,1,1.20095626429275,1,1,1,1,4.00117240132412,1
Gene936,Gene936,1.98396790615188,1,1.98396790615188,1,1,1,1,1,1,1,1,1,6.01549127329853
Gene937,Gene937,2.55371008777669,1,2.55371008777669,1,1,1,1,0.935983859891658,1,1,1,0.551881818119497,1
Gene938,Gene938,0.956111254067169,1,0.956111254067169,1,0.18852440716671,1,1,1,1,1,1,1,1
Gene939,Gene939,0.581636257807094,1,0.581636257807094,1,1,1,1,1,1,1,1,1,1
Gene940,Gene940,16.3416463293585,1,16.3416463293585,1,1,1,1,1,1,0.992376334994195,1,1,1
Gene941,Gene941,0.034927433339363,1,0.034927433339363,1,1,1,1,1,1,0.684925474475352,1,1,1
Gene942,Gene942,1.13444693248356,1,1.13444693248356,1,1,1,1,1,1,1,1,1,0.307795498705198
Gene943,Gene943,1.56655211156776,1,1.56655211156776,1,1,1,1,1,1,1,1,1,1
Gene944,Gene944,1.0865981610177,1,1.0865981610177,1,1,1,1,1,1,1,1.61346837298811,1,1
Gene945,Gene945,3.35396584186954,1,3.35396584186954,1,1,1,1,1,1,1,1,1,1
Gene946,Gene946,0.519224703923998,1,0.519224703923998,1.06373057110255,1,1,1,0.718840957230473,1,1,1,1,1
Gene947,Gene947,0.967089675363333,1,0.967089675363333,1,1,1.1105594871264,1,1,1,1,1,0.226796401374328,1
Gene948,Gene948,0.381979754706656,1,0.381979754706656,1.89523473307999,1,619.072891740621,1,1.35249510730969,1,1,1,1,1
Gene949,Gene949,5.17099321908951,1,5.17099321908951,1,1,1,1,1,1,1,1,1,2.16472308197048
Gene950,Gene950,1.99573892239587,26.0517146068098,27.1356012067141,1,1,0.64662311045607,1,1,1,1,1,1,1.15331181912753
Gene951,Gene951,1.54775669326716,1,1.54775669326716,1,1,1,1,1,1,1,1.40940647479539,1.10790348674915,1
Gene952,Gene952,1.49441237103272,1,1.49441237103272,1,1,1,1,1,1.08044209552191,1,1,1,1
Gene953,Gene953,7.4667421035029,1,7.4667421035029,1,1,1,1,1,1,1,1,7.3995126343766,1
Gene954,Gene954,0.244283774109169,1,0.244283774109169,1,1.05847539195619,1,1,1,1,1,1,1,1.15351521241721
Gene955,Gene955,3.30982539240297,1,3.30982539240297,1,1,1,1,0.728150005233768,1,1,1.21159132136211,1,1
Gene956,Gene956,1.52440144107561,1,1.52440144107561,1,1,1,1,1,1,1,1,1,1
Gene957,Gene957,1.69737117486071,1,1.69737117486071,1,0.522335095904822,1,1,1,1,1.02701264252013,1.01591693734851,1,1
Gene958,Gene958,5.58493406820429,1,5.58493406820429,1,1,1,1,1,1,1,1,1,1
Gene959,Gene959,3.76023247831041,1,3.76023247831041,1,133.780051462805,1,1,1,1,1,1,1,1
Gene960,Gene960,0.00679981920716823,1,0.00679981920716823,1,1,1,1,1,1,1,1,1,1
Gene961,Gene961,6.3890465625672,1,6.3890465625672,1,1,1,1,1,1,1,2.1748156954446,1,1
Gene962,Gene962,0.991553307691757,1,0.991553307691757,1,1,1,0.346825989400449,1,1,1,1,1,1.24109596144339
Gene963,Gene963,0.0323504943081045,1,0.0323504943081045,1,1,1,1,1,1,1,1,1,1
Gene964,Gene964,1.02053283963993,1,1.02053283963993,1,1,1,1,1,1,1,1,1,1
Gene965,Gene965,0.141796911313512,1,0.141796911313512,1,1,1,1,1,1,1,1,1.19338121074091,1
Gene966,Gene966,0.104399971170184,1,0.104399971170184,1.6427533506316,1,1,1,1,1,1,1,1,1
Gene967,Gene967,0.281404377674678,1,0.281404377674678,1,1,1,0.861552679668806,1,1,0.979659300806537,1,1,1
Gene968,Gene968,0.604897124828433,1,0.604897124828433,1,1,1,1,1,1,1,1,1,1
Gene969,Gene969,1.83376452185273,1,1.83376452185273,1,1,1,1,0.638249116152942,1,1,1,1,1
Gene970,Gene970,1.13497730245274,1,1.13497730245274,1,1,0.757295403399638,1,1,1.02397537095273,1,1,1,1
Gene971,Gene971,1.78989895431667,1,1.78989895431667,1,1,1.07504041685665,1,1,1,1,2.23391764796807,1,1
Gene972,Gene972,6.44016710334028,1,6.44016710334028,1,1,1,1,1,1,1,1,1,1
Gene973,Gene973,0.441057445904787,1,0.441057445904787,1,1,1,1,1,0.863421787378611,1,1,1,1
Gene974,Gene974,1.01777473841479,1,1.01777473841479,1,1.04781151983441,1,1,1,1,1,1,1,1
Gene975,Gene975,0.947482786711437,1,0.947482786711437,1,1,1,1,1,1,1,1,1,0.0824601108993825
Gene976,Gene976,2.04825669776944,1,2.04825669776944,1,1,0.496966159121547,1,1,1,1,1,1,1
Gene977,Gene977,0.0398289807483336,1,0.0398289807483336,12.9061813786101,1,1,1,1,1,1,1,1,1
Gene978,Gene978,0.00502138541111201,1,0.00502138541111201,1,1,1,1,1,1,1,1,1,1
Gene979,Gene979,0.0876315748513661,1,0.0876315748513661,1,1,1,76.8126913337084,1,1,1,1,1,1
Gene980,Gene980,7.39231703519443,1,7.39231703519443,1,1,1,1,1,1.30344004624896,3.79496673997883,1,8.97791391029868,1
Gene981,Gene981,0.0413171366987582,1,0.0413171366987582,0.904848587481494,1,1,1,1.73637936438545,1,1.41399195976763,1,1,1
Gene982,Gene982,3.46985599660113,1,3.46985599660113,1,1,1,1,1,1,1,0.977866010622765,1,1.58602833536091
Gene983,Gene983,0.409285406910825,1,0.409285406910825,1,1,1,1,1.05552566540529,1,1,1,1,1
Gene984,Gene984,0.931154456152336,1,0.931154456152336,1,1,1,1,1,1,1,1,1,1
Gene985,Gene985,0.77668479296342,1,0.77668479296342,1,4.78610948540614,1,1,1.80427434893463,1,1,1,1,1
Gene986,Gene986,1.3149421909634,1,1.3149421909634,1,1,1,1,0.960548378023557,1,1,1,1,1
Gene987,Gene987,0.00292277024746995,1,0.00292277024746995,1,0.882143262833358,0.0306751109561015,1,1,1,1,0.84045648827931,1,1
Gene988,Gene988,1.60714299390038,1,1.60714299390038,1,1,1,1,1,1,1,1,1,1
Gene989,Gene989,0.960714561967427,1,0.960714561967427,1,1,1,1,0.0171025462695873,1,1,2.0829608281357,1,1
Gene990,Gene990,0.000990873448669309,1,0.000990873448669309,1,1,1,1,1,1,1,1,1,1
Gene991,Gene991,0.149740573741108,1,0.149740573741108,1,1,1,1,1,1,1,1,1,1
Gene992,Gene992,0.514506380603758,1,0.514506380603758,1,1,1,1,1,1,6.33582949616396,1,1,1
Gene993,Gene993,0.317943872320467,1,0.317943872320467,1,1,1,1,1,1,2.36617168297597,1,1,1
Gene994,Gene994,3.31870178485532,1,3.31870178485532,1,0.527387588263983,1,1,1,1,1,1,1,1
Gene995,Gene995,0.989532706103077,1,0.989532706103077,1,1,1,1.00598478852703,1,1,1,1,1,1
Gene996,Gene996,2.14072787129745,46.2425436975367,48.1664736275134,1,1,1,1,1,1,1,1,1,1
Gene997,Gene997,2.32853994285474,1,2.32853994285474,1,1,1.02190740160345,1,1,1,1,1,1,1
Gene998,Gene998,1.30828953522416,1,1.30828953522416,1,1,1,1,1,1,1,1,1,1
Gene999,Gene999,3.15611565559537,1,3.15611565559537,1,1,1,1,1,0.692192461632866,1,1,1,1
Gene1000,Gene1000,0.371010992595017,1,0.371010992595017,1,1,1,1,1,1,1,1,1,1
